Verification Results (test_Xthis, test_ythis)
Timestamp: 2026-01-27 00:01:53.031230
Accuracy: 93.30%
-------------------------------------------------------
Index | True | Pred | Correct | Confidence
-------------------------------------------------------
    0 |    0 |    0 | O       | 0.5197
    1 |    0 |    0 | O       | 0.4113
    2 |    0 |    0 | O       | 0.5739
    3 |    0 |    0 | O       | 0.5701
    4 |    0 |    0 | O       | 0.4482
    5 |    0 |    0 | O       | 0.5785
    6 |    0 |    0 | O       | 0.4031
    7 |    0 |    0 | O       | 0.5612
    8 |    0 |    0 | O       | 0.5734
    9 |    0 |    0 | O       | 0.4239
   10 |    0 |    0 | O       | 0.5424
   11 |    0 |    0 | O       | 0.5746
   12 |    0 |    0 | O       | 0.5770
   13 |    0 |    0 | O       | 0.5510
   14 |    0 |    0 | O       | 0.5681
   15 |    0 |    0 | O       | 0.5048
   16 |    0 |    0 | O       | 0.5636
   17 |    0 |    0 | O       | 0.5481
   18 |    0 |    0 | O       | 0.5591
   19 |    0 |    0 | O       | 0.5682
   20 |    0 |    0 | O       | 0.5686
   21 |    0 |    0 | O       | 0.5601
   22 |    0 |    0 | O       | 0.4703
   23 |    0 |    0 | O       | 0.3882
   24 |    0 |    0 | O       | 0.4502
   25 |    0 |    0 | O       | 0.5636
   26 |    0 |    0 | O       | 0.4621
   27 |    0 |    0 | O       | 0.5613
   28 |    0 |    0 | O       | 0.5736
   29 |    0 |    0 | O       | 0.5226
   30 |    0 |    0 | O       | 0.4247
   31 |    0 |    0 | O       | 0.5484
   32 |    0 |    0 | O       | 0.5725
   33 |    0 |    0 | O       | 0.4205
   34 |    0 |    0 | O       | 0.5219
   35 |    0 |    0 | O       | 0.5761
   36 |    0 |    0 | O       | 0.5560
   37 |    0 |    0 | O       | 0.4030
   38 |    0 |    0 | O       | 0.5447
   39 |    0 |    0 | O       | 0.5758
   40 |    0 |    0 | O       | 0.4933
   41 |    0 |    0 | O       | 0.5118
   42 |    0 |    0 | O       | 0.5591
   43 |    0 |    0 | O       | 0.5740
   44 |    0 |    0 | O       | 0.4940
   45 |    0 |    0 | O       | 0.5281
   46 |    0 |    0 | O       | 0.5329
   47 |    0 |    0 | O       | 0.5270
   48 |    0 |    0 | O       | 0.5716
   49 |    0 |    0 | O       | 0.5760
   50 |    0 |    0 | O       | 0.3825
   51 |    0 |    0 | O       | 0.5476
   52 |    0 |    0 | O       | 0.5691
   53 |    0 |    0 | O       | 0.5556
   54 |    0 |    0 | O       | 0.5586
   55 |    0 |    0 | O       | 0.4680
   56 |    0 |    0 | O       | 0.5636
   57 |    0 |    0 | O       | 0.5573
   58 |    0 |    0 | O       | 0.3989
   59 |    0 |    0 | O       | 0.3783
   60 |    0 |    0 | O       | 0.5769
   61 |    0 |    0 | O       | 0.5532
   62 |    0 |    0 | O       | 0.5022
   63 |    0 |    0 | O       | 0.5499
   64 |    0 |    0 | O       | 0.5635
   65 |    0 |    0 | O       | 0.5738
   66 |    0 |    0 | O       | 0.5433
   67 |    0 |    0 | O       | 0.4128
   68 |    0 |    0 | O       | 0.5599
   69 |    0 |    0 | O       | 0.5722
   70 |    0 |    0 | O       | 0.4123
   71 |    0 |    0 | O       | 0.3821
   72 |    0 |    0 | O       | 0.4425
   73 |    0 |    0 | O       | 0.4139
   74 |    0 |    0 | O       | 0.5472
   75 |    0 |    0 | O       | 0.5068
   76 |    0 |    0 | O       | 0.5644
   77 |    0 |    0 | O       | 0.5732
   78 |    0 |    0 | O       | 0.4141
   79 |    0 |    0 | O       | 0.4538
   80 |    0 |    0 | O       | 0.4282
   81 |    0 |    0 | O       | 0.4283
   82 |    0 |    0 | O       | 0.4342
   83 |    0 |    0 | O       | 0.3777
   84 |    0 |    0 | O       | 0.4651
   85 |    0 |    0 | O       | 0.5448
   86 |    0 |    0 | O       | 0.5661
   87 |    0 |    0 | O       | 0.5621
   88 |    0 |    0 | O       | 0.4108
   89 |    0 |    0 | O       | 0.5459
   90 |    0 |    0 | O       | 0.5394
   91 |    0 |    0 | O       | 0.5690
   92 |    0 |    0 | O       | 0.4838
   93 |    0 |    0 | O       | 0.5654
   94 |    0 |    0 | O       | 0.5492
   95 |    0 |    0 | O       | 0.5723
   96 |    0 |    0 | O       | 0.3855
   97 |    0 |    0 | O       | 0.5613
   98 |    0 |    0 | O       | 0.4310
   99 |    0 |    0 | O       | 0.5682
  100 |    0 |    0 | O       | 0.5635
  101 |    0 |    0 | O       | 0.5749
  102 |    0 |    0 | O       | 0.5480
  103 |    0 |    0 | O       | 0.5728
  104 |    0 |    0 | O       | 0.5769
  105 |    0 |    0 | O       | 0.5662
  106 |    0 |    0 | O       | 0.5778
  107 |    0 |    0 | O       | 0.5490
  108 |    0 |    0 | O       | 0.5743
  109 |    0 |    0 | O       | 0.5653
  110 |    0 |    0 | O       | 0.5734
  111 |    0 |    0 | O       | 0.5457
  112 |    0 |    0 | O       | 0.5679
  113 |    0 |    0 | O       | 0.5441
  114 |    0 |    0 | O       | 0.5725
  115 |    0 |    0 | O       | 0.5611
  116 |    0 |    0 | O       | 0.5572
  117 |    0 |    0 | O       | 0.5619
  118 |    0 |    0 | O       | 0.5660
  119 |    0 |    0 | O       | 0.5763
  120 |    0 |    0 | O       | 0.5706
  121 |    0 |    0 | O       | 0.5234
  122 |    0 |    0 | O       | 0.5483
  123 |    0 |    0 | O       | 0.4137
  124 |    0 |    0 | O       | 0.5459
  125 |    0 |    0 | O       | 0.5152
  126 |    0 |    0 | O       | 0.5668
  127 |    0 |    0 | O       | 0.5623
  128 |    0 |    0 | O       | 0.5465
  129 |    0 |    0 | O       | 0.5775
  130 |    0 |    0 | O       | 0.4842
  131 |    0 |    0 | O       | 0.5439
  132 |    0 |    0 | O       | 0.5752
  133 |    0 |    0 | O       | 0.5482
  134 |    0 |    0 | O       | 0.5489
  135 |    0 |    0 | O       | 0.5446
  136 |    0 |    0 | O       | 0.5779
  137 |    0 |    0 | O       | 0.5700
  138 |    0 |    0 | O       | 0.4828
  139 |    0 |    0 | O       | 0.4625
  140 |    0 |    0 | O       | 0.5753
  141 |    0 |    0 | O       | 0.4702
  142 |    0 |    0 | O       | 0.4150
  143 |    0 |    0 | O       | 0.4585
  144 |    0 |    0 | O       | 0.5484
  145 |    0 |    0 | O       | 0.5759
  146 |    0 |    0 | O       | 0.5420
  147 |    0 |    0 | O       | 0.5472
  148 |    0 |    0 | O       | 0.5494
  149 |    0 |    0 | O       | 0.5707
  150 |    0 |    0 | O       | 0.5738
  151 |    0 |    0 | O       | 0.4742
  152 |    0 |    0 | O       | 0.5470
  153 |    0 |    0 | O       | 0.5750
  154 |    0 |    0 | O       | 0.5709
  155 |    0 |    0 | O       | 0.4101
  156 |    0 |    0 | O       | 0.4780
  157 |    0 |    0 | O       | 0.5703
  158 |    0 |    0 | O       | 0.4674
  159 |    0 |    0 | O       | 0.5633
  160 |    0 |    0 | O       | 0.5545
  161 |    0 |    0 | O       | 0.5767
  162 |    0 |    0 | O       | 0.4636
  163 |    0 |    0 | O       | 0.5727
  164 |    0 |    0 | O       | 0.5641
  165 |    0 |    0 | O       | 0.5106
  166 |    0 |    0 | O       | 0.3982
  167 |    0 |    0 | O       | 0.5460
  168 |    0 |    0 | O       | 0.5470
  169 |    0 |    0 | O       | 0.5778
  170 |    0 |    0 | O       | 0.4607
  171 |    0 |    0 | O       | 0.4252
  172 |    0 |    0 | O       | 0.5190
  173 |    0 |    0 | O       | 0.5777
  174 |    0 |    0 | O       | 0.5638
  175 |    0 |    0 | O       | 0.5739
  176 |    0 |    0 | O       | 0.5623
  177 |    0 |    0 | O       | 0.5447
  178 |    0 |    0 | O       | 0.5608
  179 |    0 |    0 | O       | 0.5483
  180 |    0 |    0 | O       | 0.5775
  181 |    0 |    0 | O       | 0.4271
  182 |    0 |    0 | O       | 0.3890
  183 |    0 |    0 | O       | 0.5733
  184 |    0 |    0 | O       | 0.4093
  185 |    0 |    0 | O       | 0.5185
  186 |    0 |    0 | O       | 0.4791
  187 |    0 |    0 | O       | 0.3906
  188 |    0 |    0 | O       | 0.5614
  189 |    0 |    0 | O       | 0.5029
  190 |    0 |    0 | O       | 0.4273
  191 |    0 |    0 | O       | 0.4795
  192 |    0 |    0 | O       | 0.5761
  193 |    0 |    0 | O       | 0.5679
  194 |    0 |    0 | O       | 0.5535
  195 |    0 |    0 | O       | 0.5640
  196 |    0 |    0 | O       | 0.4191
  197 |    0 |    0 | O       | 0.4369
  198 |    0 |    0 | O       | 0.5773
  199 |    0 |    0 | O       | 0.5733
  200 |    0 |    0 | O       | 0.4334
  201 |    0 |    0 | O       | 0.3988
  202 |    0 |    0 | O       | 0.5647
  203 |    0 |    0 | O       | 0.5490
  204 |    0 |    0 | O       | 0.5330
  205 |    0 |    0 | O       | 0.5228
  206 |    0 |    0 | O       | 0.5708
  207 |    0 |    0 | O       | 0.5391
  208 |    0 |    0 | O       | 0.5379
  209 |    0 |    0 | O       | 0.5672
  210 |    0 |    0 | O       | 0.5461
  211 |    0 |    0 | O       | 0.5481
  212 |    0 |    0 | O       | 0.5762
  213 |    0 |    0 | O       | 0.5757
  214 |    0 |    0 | O       | 0.5474
  215 |    0 |    0 | O       | 0.5711
  216 |    0 |    0 | O       | 0.5652
  217 |    0 |    0 | O       | 0.5700
  218 |    0 |    0 | O       | 0.3819
  219 |    0 |    0 | O       | 0.5670
  220 |    0 |    0 | O       | 0.5652
  221 |    0 |    0 | O       | 0.4128
  222 |    0 |    0 | O       | 0.5586
  223 |    0 |    0 | O       | 0.3771
  224 |    0 |    0 | O       | 0.5340
  225 |    0 |    0 | O       | 0.5448
  226 |    0 |    0 | O       | 0.5524
  227 |    0 |    0 | O       | 0.4810
  228 |    0 |    0 | O       | 0.5356
  229 |    0 |    0 | O       | 0.5600
  230 |    0 |    0 | O       | 0.5483
  231 |    0 |    0 | O       | 0.5761
  232 |    0 |    0 | O       | 0.5408
  233 |    0 |    0 | O       | 0.5677
  234 |    0 |    0 | O       | 0.4740
  235 |    0 |    0 | O       | 0.5462
  236 |    0 |    0 | O       | 0.5205
  237 |    0 |    0 | O       | 0.5449
  238 |    0 |    0 | O       | 0.4704
  239 |    0 |    0 | O       | 0.5462
  240 |    0 |    0 | O       | 0.4234
  241 |    0 |    0 | O       | 0.4751
  242 |    0 |    0 | O       | 0.5604
  243 |    0 |    0 | O       | 0.5781
  244 |    0 |    0 | O       | 0.5631
  245 |    0 |    0 | O       | 0.4718
  246 |    0 |    0 | O       | 0.5726
  247 |    0 |    0 | O       | 0.4808
  248 |    0 |    0 | O       | 0.5776
  249 |    0 |    0 | O       | 0.5244
  250 |    0 |    0 | O       | 0.4873
  251 |    0 |    0 | O       | 0.5604
  252 |    0 |    0 | O       | 0.5308
  253 |    0 |    0 | O       | 0.4544
  254 |    0 |    0 | O       | 0.4924
  255 |    0 |    0 | O       | 0.4302
  256 |    0 |    0 | O       | 0.5486
  257 |    0 |    0 | O       | 0.4236
  258 |    0 |    0 | O       | 0.3917
  259 |    0 |    0 | O       | 0.5778
  260 |    0 |    0 | O       | 0.4202
  261 |    0 |    0 | O       | 0.5656
  262 |    0 |    0 | O       | 0.4168
  263 |    0 |    0 | O       | 0.4970
  264 |    0 |    0 | O       | 0.5710
  265 |    0 |    0 | O       | 0.5692
  266 |    0 |    0 | O       | 0.4891
  267 |    0 |    0 | O       | 0.5576
  268 |    0 |    0 | O       | 0.4833
  269 |    0 |    0 | O       | 0.5664
  270 |    0 |    0 | O       | 0.5749
  271 |    0 |    0 | O       | 0.5714
  272 |    0 |    0 | O       | 0.5465
  273 |    0 |    0 | O       | 0.5684
  274 |    0 |    0 | O       | 0.5689
  275 |    0 |    0 | O       | 0.5771
  276 |    0 |    0 | O       | 0.5697
  277 |    0 |    0 | O       | 0.5740
  278 |    0 |    0 | O       | 0.5252
  279 |    0 |    0 | O       | 0.5676
  280 |    0 |    0 | O       | 0.5664
  281 |    0 |    0 | O       | 0.5185
  282 |    0 |    0 | O       | 0.5654
  283 |    0 |    0 | O       | 0.4165
  284 |    0 |    0 | O       | 0.4082
  285 |    0 |    0 | O       | 0.4050
  286 |    0 |    0 | O       | 0.4167
  287 |    0 |    0 | O       | 0.5390
  288 |    0 |    0 | O       | 0.3794
  289 |    0 |    0 | O       | 0.4201
  290 |    0 |    0 | O       | 0.5722
  291 |    0 |    0 | O       | 0.5737
  292 |    0 |    0 | O       | 0.5455
  293 |    0 |    0 | O       | 0.5738
  294 |    0 |    0 | O       | 0.5536
  295 |    0 |    0 | O       | 0.5297
  296 |    0 |    0 | O       | 0.4705
  297 |    0 |    0 | O       | 0.5447
  298 |    0 |    0 | O       | 0.5723
  299 |    0 |    0 | O       | 0.5654
  300 |    0 |    0 | O       | 0.4640
  301 |    0 |    0 | O       | 0.5709
  302 |    0 |    0 | O       | 0.5568
  303 |    0 |    0 | O       | 0.5772
  304 |    0 |    0 | O       | 0.5738
  305 |    0 |    0 | O       | 0.5447
  306 |    0 |    0 | O       | 0.5637
  307 |    0 |    0 | O       | 0.3857
  308 |    0 |    0 | O       | 0.5432
  309 |    0 |    0 | O       | 0.5725
  310 |    0 |    0 | O       | 0.4724
  311 |    0 |    0 | O       | 0.5676
  312 |    0 |    0 | O       | 0.5510
  313 |    0 |    0 | O       | 0.5593
  314 |    0 |    0 | O       | 0.5726
  315 |    0 |    0 | O       | 0.5777
  316 |    0 |    0 | O       | 0.5529
  317 |    0 |    0 | O       | 0.5451
  318 |    0 |    0 | O       | 0.4310
  319 |    0 |    0 | O       | 0.5578
  320 |    0 |    0 | O       | 0.4201
  321 |    0 |    0 | O       | 0.3928
  322 |    0 |    0 | O       | 0.5776
  323 |    0 |    0 | O       | 0.5463
  324 |    0 |    0 | O       | 0.5476
  325 |    0 |    0 | O       | 0.5769
  326 |    0 |    0 | O       | 0.5478
  327 |    0 |    0 | O       | 0.5411
  328 |    0 |    0 | O       | 0.4715
  329 |    0 |    0 | O       | 0.5222
  330 |    0 |    0 | O       | 0.5759
  331 |    0 |    0 | O       | 0.5512
  332 |    0 |    0 | O       | 0.5772
  333 |    0 |    0 | O       | 0.5430
  334 |    0 |    0 | O       | 0.5587
  335 |    0 |    0 | O       | 0.5677
  336 |    0 |    0 | O       | 0.5485
  337 |    0 |    0 | O       | 0.5070
  338 |    0 |    0 | O       | 0.5738
  339 |    0 |    0 | O       | 0.5733
  340 |    0 |    0 | O       | 0.5655
  341 |    0 |    0 | O       | 0.5606
  342 |    0 |    0 | O       | 0.4086
  343 |    0 |    0 | O       | 0.5679
  344 |    0 |    0 | O       | 0.5294
  345 |    0 |    0 | O       | 0.5784
  346 |    0 |    0 | O       | 0.4902
  347 |    0 |    0 | O       | 0.5678
  348 |    0 |    0 | O       | 0.5443
  349 |    0 |    0 | O       | 0.5054
  350 |    0 |    0 | O       | 0.5688
  351 |    0 |    0 | O       | 0.5472
  352 |    0 |    0 | O       | 0.5656
  353 |    0 |    0 | O       | 0.5734
  354 |    0 |    0 | O       | 0.5744
  355 |    0 |    0 | O       | 0.4624
  356 |    0 |    0 | O       | 0.5587
  357 |    0 |    0 | O       | 0.5657
  358 |    0 |    0 | O       | 0.5629
  359 |    0 |    0 | O       | 0.5762
  360 |    0 |    0 | O       | 0.5458
  361 |    0 |    0 | O       | 0.3972
  362 |    0 |    0 | O       | 0.5485
  363 |    0 |    0 | O       | 0.3824
  364 |    0 |    0 | O       | 0.5406
  365 |    0 |    0 | O       | 0.5480
  366 |    0 |    0 | O       | 0.5256
  367 |    0 |    0 | O       | 0.5667
  368 |    0 |    0 | O       | 0.5727
  369 |    0 |    0 | O       | 0.5545
  370 |    0 |    0 | O       | 0.5625
  371 |    0 |    0 | O       | 0.5590
  372 |    0 |    0 | O       | 0.4935
  373 |    0 |    0 | O       | 0.5529
  374 |    0 |    0 | O       | 0.4251
  375 |    0 |    0 | O       | 0.5433
  376 |    0 |    0 | O       | 0.4895
  377 |    0 |    0 | O       | 0.3932
  378 |    0 |    0 | O       | 0.5690
  379 |    0 |    0 | O       | 0.5671
  380 |    0 |    0 | O       | 0.5568
  381 |    0 |    0 | O       | 0.5780
  382 |    0 |    0 | O       | 0.5709
  383 |    0 |    0 | O       | 0.5486
  384 |    0 |    0 | O       | 0.5483
  385 |    0 |    0 | O       | 0.5750
  386 |    0 |    0 | O       | 0.4097
  387 |    0 |    0 | O       | 0.5451
  388 |    0 |    0 | O       | 0.5691
  389 |    0 |    0 | O       | 0.4826
  390 |    0 |    0 | O       | 0.5318
  391 |    0 |    0 | O       | 0.5708
  392 |    0 |    0 | O       | 0.5035
  393 |    0 |    0 | O       | 0.5503
  394 |    0 |    0 | O       | 0.5555
  395 |    0 |    0 | O       | 0.3994
  396 |    0 |    0 | O       | 0.3817
  397 |    0 |    0 | O       | 0.5354
  398 |    0 |    0 | O       | 0.5561
  399 |    0 |    0 | O       | 0.4703
  400 |    0 |    0 | O       | 0.4893
  401 |    0 |    0 | O       | 0.4858
  402 |    0 |    0 | O       | 0.5586
  403 |    0 |    0 | O       | 0.3861
  404 |    0 |    0 | O       | 0.3990
  405 |    0 |    0 | O       | 0.3893
  406 |    0 |    0 | O       | 0.5640
  407 |    0 |    0 | O       | 0.4459
  408 |    0 |    0 | O       | 0.5634
  409 |    0 |    0 | O       | 0.4134
  410 |    0 |    0 | O       | 0.5633
  411 |    0 |    0 | O       | 0.5776
  412 |    0 |    0 | O       | 0.5599
  413 |    0 |    0 | O       | 0.5266
  414 |    0 |    0 | O       | 0.5769
  415 |    0 |    0 | O       | 0.5740
  416 |    0 |    0 | O       | 0.5600
  417 |    0 |    0 | O       | 0.3850
  418 |    0 |    0 | O       | 0.4019
  419 |    0 |    0 | O       | 0.4846
  420 |    0 |    0 | O       | 0.4011
  421 |    0 |    0 | O       | 0.5638
  422 |    0 |    0 | O       | 0.5153
  423 |    0 |    0 | O       | 0.5479
  424 |    0 |    0 | O       | 0.4666
  425 |    0 |    0 | O       | 0.5633
  426 |    0 |    0 | O       | 0.5769
  427 |    0 |    0 | O       | 0.5773
  428 |    0 |    0 | O       | 0.5419
  429 |    0 |    0 | O       | 0.5473
  430 |    0 |    0 | O       | 0.5189
  431 |    0 |    0 | O       | 0.4382
  432 |    0 |    0 | O       | 0.5722
  433 |    0 |    0 | O       | 0.4543
  434 |    0 |    0 | O       | 0.4879
  435 |    0 |    0 | O       | 0.5622
  436 |    0 |    0 | O       | 0.5628
  437 |    0 |    0 | O       | 0.5466
  438 |    0 |    0 | O       | 0.5718
  439 |    0 |    0 | O       | 0.5609
  440 |    0 |    0 | O       | 0.5695
  441 |    0 |    0 | O       | 0.5471
  442 |    0 |    0 | O       | 0.5704
  443 |    0 |    0 | O       | 0.5713
  444 |    0 |    0 | O       | 0.5667
  445 |    0 |    0 | O       | 0.5771
  446 |    0 |    0 | O       | 0.5503
  447 |    0 |    0 | O       | 0.5730
  448 |    0 |    0 | O       | 0.5563
  449 |    0 |    0 | O       | 0.5751
  450 |    0 |    0 | O       | 0.5200
  451 |    0 |    0 | O       | 0.3841
  452 |    0 |    0 | O       | 0.5594
  453 |    0 |    0 | O       | 0.4630
  454 |    0 |    0 | O       | 0.5679
  455 |    0 |    0 | O       | 0.5711
  456 |    0 |    0 | O       | 0.5430
  457 |    0 |    0 | O       | 0.5749
  458 |    0 |    0 | O       | 0.5036
  459 |    0 |    0 | O       | 0.5549
  460 |    0 |    0 | O       | 0.5600
  461 |    0 |    0 | O       | 0.4361
  462 |    0 |    0 | O       | 0.4136
  463 |    0 |    0 | O       | 0.5003
  464 |    0 |    0 | O       | 0.5504
  465 |    0 |    0 | O       | 0.5471
  466 |    0 |    0 | O       | 0.5261
  467 |    0 |    0 | O       | 0.5766
  468 |    0 |    0 | O       | 0.3909
  469 |    0 |    0 | O       | 0.5504
  470 |    0 |    0 | O       | 0.5427
  471 |    0 |    0 | O       | 0.5364
  472 |    0 |    0 | O       | 0.5660
  473 |    0 |    0 | O       | 0.4356
  474 |    0 |    0 | O       | 0.3849
  475 |    0 |    0 | O       | 0.5600
  476 |    0 |    0 | O       | 0.5755
  477 |    0 |    0 | O       | 0.4086
  478 |    0 |    0 | O       | 0.5501
  479 |    0 |    0 | O       | 0.5555
  480 |    0 |    0 | O       | 0.5687
  481 |    0 |    0 | O       | 0.5425
  482 |    0 |    0 | O       | 0.5655
  483 |    0 |    0 | O       | 0.5713
  484 |    0 |    0 | O       | 0.5537
  485 |    0 |    0 | O       | 0.5692
  486 |    0 |    0 | O       | 0.5509
  487 |    0 |    0 | O       | 0.5437
  488 |    0 |    0 | O       | 0.5598
  489 |    0 |    0 | O       | 0.5496
  490 |    0 |    0 | O       | 0.5754
  491 |    0 |    0 | O       | 0.5488
  492 |    0 |    0 | O       | 0.5426
  493 |    0 |    0 | O       | 0.5551
  494 |    0 |    0 | O       | 0.5288
  495 |    0 |    0 | O       | 0.5567
  496 |    0 |    0 | O       | 0.5517
  497 |    0 |    0 | O       | 0.4257
  498 |    0 |    0 | O       | 0.5707
  499 |    0 |    0 | O       | 0.5665
  500 |    1 |    1 | O       | 0.3964
  501 |    1 |    1 | O       | 0.4275
  502 |    1 |    1 | O       | 0.4373
  503 |    1 |    1 | O       | 0.4256
  504 |    1 |    1 | O       | 0.4224
  505 |    1 |    1 | O       | 0.4156
  506 |    1 |    1 | O       | 0.4209
  507 |    1 |    1 | O       | 0.4401
  508 |    1 |    1 | O       | 0.4389
  509 |    1 |    1 | O       | 0.4273
  510 |    1 |    1 | O       | 0.4188
  511 |    1 |    1 | O       | 0.3866
  512 |    1 |    1 | O       | 0.4378
  513 |    1 |    1 | O       | 0.4467
  514 |    1 |    1 | O       | 0.4433
  515 |    1 |    1 | O       | 0.3624
  516 |    1 |    1 | O       | 0.4511
  517 |    1 |    1 | O       | 0.4151
  518 |    1 |    1 | O       | 0.4469
  519 |    1 |    1 | O       | 0.4087
  520 |    1 |    3 | X       | 0.3616
  521 |    1 |    1 | O       | 0.3966
  522 |    1 |    1 | O       | 0.4391
  523 |    1 |    1 | O       | 0.4110
  524 |    1 |    1 | O       | 0.4431
  525 |    1 |    1 | O       | 0.4214
  526 |    1 |    1 | O       | 0.3886
  527 |    1 |    1 | O       | 0.4169
  528 |    1 |    1 | O       | 0.4224
  529 |    1 |    1 | O       | 0.4198
  530 |    1 |    1 | O       | 0.3732
  531 |    1 |    1 | O       | 0.4223
  532 |    1 |    1 | O       | 0.4523
  533 |    1 |    1 | O       | 0.4461
  534 |    1 |    1 | O       | 0.4161
  535 |    1 |    1 | O       | 0.4388
  536 |    1 |    1 | O       | 0.4267
  537 |    1 |    1 | O       | 0.4108
  538 |    1 |    1 | O       | 0.4219
  539 |    1 |    1 | O       | 0.3794
  540 |    1 |    1 | O       | 0.3888
  541 |    1 |    1 | O       | 0.4128
  542 |    1 |    3 | X       | 0.3587
  543 |    1 |    3 | X       | 0.3636
  544 |    1 |    1 | O       | 0.3809
  545 |    1 |    1 | O       | 0.4200
  546 |    1 |    1 | O       | 0.4379
  547 |    1 |    1 | O       | 0.3833
  548 |    1 |    1 | O       | 0.3916
  549 |    1 |    1 | O       | 0.4311
  550 |    1 |    1 | O       | 0.4483
  551 |    1 |    1 | O       | 0.4382
  552 |    1 |    1 | O       | 0.4202
  553 |    1 |    3 | X       | 0.3667
  554 |    1 |    1 | O       | 0.4464
  555 |    1 |    1 | O       | 0.4522
  556 |    1 |    1 | O       | 0.4131
  557 |    1 |    1 | O       | 0.4105
  558 |    1 |    1 | O       | 0.4232
  559 |    1 |    1 | O       | 0.3888
  560 |    1 |    1 | O       | 0.4162
  561 |    1 |    1 | O       | 0.4434
  562 |    1 |    3 | X       | 0.3625
  563 |    1 |    1 | O       | 0.3999
  564 |    1 |    1 | O       | 0.4203
  565 |    1 |    1 | O       | 0.4511
  566 |    1 |    1 | O       | 0.4324
  567 |    1 |    1 | O       | 0.4515
  568 |    1 |    1 | O       | 0.4195
  569 |    1 |    1 | O       | 0.4464
  570 |    1 |    1 | O       | 0.4490
  571 |    1 |    1 | O       | 0.4212
  572 |    1 |    1 | O       | 0.4164
  573 |    1 |    1 | O       | 0.4475
  574 |    1 |    1 | O       | 0.3814
  575 |    1 |    1 | O       | 0.4457
  576 |    1 |    1 | O       | 0.4486
  577 |    1 |    1 | O       | 0.4343
  578 |    1 |    1 | O       | 0.4474
  579 |    1 |    1 | O       | 0.4179
  580 |    1 |    1 | O       | 0.4274
  581 |    1 |    1 | O       | 0.4182
  582 |    1 |    1 | O       | 0.4514
  583 |    1 |    1 | O       | 0.3924
  584 |    1 |    1 | O       | 0.4430
  585 |    1 |    1 | O       | 0.4260
  586 |    1 |    1 | O       | 0.4082
  587 |    1 |    1 | O       | 0.3834
  588 |    1 |    1 | O       | 0.4520
  589 |    1 |    1 | O       | 0.4193
  590 |    1 |    3 | X       | 0.3611
  591 |    1 |    1 | O       | 0.4101
  592 |    1 |    1 | O       | 0.4526
  593 |    1 |    1 | O       | 0.4340
  594 |    1 |    1 | O       | 0.4020
  595 |    1 |    1 | O       | 0.4330
  596 |    1 |    3 | X       | 0.3650
  597 |    1 |    1 | O       | 0.4129
  598 |    1 |    1 | O       | 0.4183
  599 |    1 |    1 | O       | 0.4469
  600 |    1 |    1 | O       | 0.4161
  601 |    1 |    1 | O       | 0.4271
  602 |    1 |    1 | O       | 0.4028
  603 |    1 |    1 | O       | 0.4178
  604 |    1 |    1 | O       | 0.3672
  605 |    1 |    1 | O       | 0.4217
  606 |    1 |    1 | O       | 0.4154
  607 |    1 |    1 | O       | 0.4141
  608 |    1 |    1 | O       | 0.3809
  609 |    1 |    1 | O       | 0.4407
  610 |    1 |    1 | O       | 0.4168
  611 |    1 |    1 | O       | 0.3849
  612 |    1 |    1 | O       | 0.4178
  613 |    1 |    1 | O       | 0.4219
  614 |    1 |    1 | O       | 0.4076
  615 |    1 |    1 | O       | 0.4220
  616 |    1 |    1 | O       | 0.4247
  617 |    1 |    1 | O       | 0.3848
  618 |    1 |    1 | O       | 0.4186
  619 |    1 |    1 | O       | 0.4469
  620 |    1 |    1 | O       | 0.4438
  621 |    1 |    1 | O       | 0.4317
  622 |    1 |    1 | O       | 0.4379
  623 |    1 |    1 | O       | 0.4213
  624 |    1 |    1 | O       | 0.4220
  625 |    1 |    1 | O       | 0.4213
  626 |    1 |    1 | O       | 0.4197
  627 |    1 |    1 | O       | 0.4444
  628 |    1 |    1 | O       | 0.4127
  629 |    1 |    1 | O       | 0.4419
  630 |    1 |    1 | O       | 0.3694
  631 |    1 |    1 | O       | 0.4150
  632 |    1 |    1 | O       | 0.4462
  633 |    1 |    1 | O       | 0.4102
  634 |    1 |    1 | O       | 0.4162
  635 |    1 |    1 | O       | 0.4174
  636 |    1 |    1 | O       | 0.4277
  637 |    1 |    1 | O       | 0.4342
  638 |    1 |    1 | O       | 0.4147
  639 |    1 |    1 | O       | 0.4445
  640 |    1 |    1 | O       | 0.4218
  641 |    1 |    1 | O       | 0.4330
  642 |    1 |    1 | O       | 0.3990
  643 |    1 |    1 | O       | 0.4323
  644 |    1 |    1 | O       | 0.4325
  645 |    1 |    1 | O       | 0.4437
  646 |    1 |    1 | O       | 0.4260
  647 |    1 |    1 | O       | 0.4417
  648 |    1 |    1 | O       | 0.4470
  649 |    1 |    1 | O       | 0.4258
  650 |    1 |    1 | O       | 0.4461
  651 |    1 |    1 | O       | 0.4267
  652 |    1 |    1 | O       | 0.4456
  653 |    1 |    1 | O       | 0.4526
  654 |    1 |    1 | O       | 0.4171
  655 |    1 |    1 | O       | 0.4187
  656 |    1 |    1 | O       | 0.4398
  657 |    1 |    1 | O       | 0.4479
  658 |    1 |    1 | O       | 0.3971
  659 |    1 |    1 | O       | 0.4435
  660 |    1 |    1 | O       | 0.3981
  661 |    1 |    1 | O       | 0.3866
  662 |    1 |    1 | O       | 0.4526
  663 |    1 |    1 | O       | 0.3860
  664 |    1 |    1 | O       | 0.4186
  665 |    1 |    1 | O       | 0.4195
  666 |    1 |    1 | O       | 0.4157
  667 |    1 |    1 | O       | 0.4425
  668 |    1 |    1 | O       | 0.4142
  669 |    1 |    1 | O       | 0.4164
  670 |    1 |    1 | O       | 0.4435
  671 |    1 |    1 | O       | 0.3922
  672 |    1 |    1 | O       | 0.4129
  673 |    1 |    1 | O       | 0.4526
  674 |    1 |    1 | O       | 0.4169
  675 |    1 |    1 | O       | 0.4251
  676 |    1 |    1 | O       | 0.4189
  677 |    1 |    1 | O       | 0.4088
  678 |    1 |    1 | O       | 0.3978
  679 |    1 |    1 | O       | 0.4417
  680 |    1 |    1 | O       | 0.3892
  681 |    1 |    1 | O       | 0.4212
  682 |    1 |    1 | O       | 0.4101
  683 |    1 |    3 | X       | 0.3651
  684 |    1 |    1 | O       | 0.4523
  685 |    1 |    1 | O       | 0.4190
  686 |    1 |    1 | O       | 0.4196
  687 |    1 |    1 | O       | 0.4496
  688 |    1 |    1 | O       | 0.4238
  689 |    1 |    1 | O       | 0.4318
  690 |    1 |    1 | O       | 0.3944
  691 |    1 |    1 | O       | 0.4241
  692 |    1 |    1 | O       | 0.4527
  693 |    1 |    1 | O       | 0.4318
  694 |    1 |    1 | O       | 0.4471
  695 |    1 |    1 | O       | 0.4387
  696 |    1 |    1 | O       | 0.4150
  697 |    1 |    1 | O       | 0.4133
  698 |    1 |    1 | O       | 0.3947
  699 |    1 |    1 | O       | 0.4131
  700 |    1 |    1 | O       | 0.4163
  701 |    1 |    1 | O       | 0.4185
  702 |    1 |    1 | O       | 0.4243
  703 |    1 |    1 | O       | 0.4524
  704 |    1 |    3 | X       | 0.3642
  705 |    1 |    1 | O       | 0.4437
  706 |    1 |    1 | O       | 0.3768
  707 |    1 |    1 | O       | 0.4507
  708 |    1 |    1 | O       | 0.4209
  709 |    1 |    1 | O       | 0.4527
  710 |    1 |    1 | O       | 0.4090
  711 |    1 |    1 | O       | 0.4156
  712 |    1 |    1 | O       | 0.4091
  713 |    1 |    1 | O       | 0.4446
  714 |    1 |    1 | O       | 0.4527
  715 |    1 |    1 | O       | 0.4527
  716 |    1 |    1 | O       | 0.4112
  717 |    1 |    1 | O       | 0.4440
  718 |    1 |    1 | O       | 0.4113
  719 |    1 |    1 | O       | 0.4322
  720 |    1 |    1 | O       | 0.4158
  721 |    1 |    1 | O       | 0.4134
  722 |    1 |    1 | O       | 0.4111
  723 |    1 |    1 | O       | 0.4431
  724 |    1 |    1 | O       | 0.4296
  725 |    1 |    1 | O       | 0.3871
  726 |    1 |    1 | O       | 0.4526
  727 |    1 |    1 | O       | 0.4000
  728 |    1 |    1 | O       | 0.4030
  729 |    1 |    1 | O       | 0.4175
  730 |    1 |    1 | O       | 0.4108
  731 |    1 |    1 | O       | 0.4251
  732 |    1 |    1 | O       | 0.4178
  733 |    1 |    1 | O       | 0.3613
  734 |    1 |    1 | O       | 0.4525
  735 |    1 |    1 | O       | 0.4114
  736 |    1 |    1 | O       | 0.4157
  737 |    1 |    1 | O       | 0.4509
  738 |    1 |    1 | O       | 0.4449
  739 |    1 |    1 | O       | 0.4231
  740 |    1 |    1 | O       | 0.4526
  741 |    1 |    1 | O       | 0.4521
  742 |    1 |    1 | O       | 0.4159
  743 |    1 |    1 | O       | 0.4481
  744 |    1 |    1 | O       | 0.4220
  745 |    1 |    1 | O       | 0.4409
  746 |    1 |    1 | O       | 0.4191
  747 |    1 |    1 | O       | 0.4098
  748 |    1 |    1 | O       | 0.4476
  749 |    1 |    1 | O       | 0.4194
  750 |    1 |    1 | O       | 0.4242
  751 |    1 |    1 | O       | 0.4167
  752 |    1 |    1 | O       | 0.4186
  753 |    1 |    1 | O       | 0.4370
  754 |    1 |    1 | O       | 0.4299
  755 |    1 |    1 | O       | 0.3862
  756 |    1 |    1 | O       | 0.4217
  757 |    1 |    1 | O       | 0.4300
  758 |    1 |    1 | O       | 0.4512
  759 |    1 |    1 | O       | 0.4475
  760 |    1 |    1 | O       | 0.4404
  761 |    1 |    1 | O       | 0.4426
  762 |    1 |    1 | O       | 0.4477
  763 |    1 |    1 | O       | 0.4152
  764 |    1 |    1 | O       | 0.4144
  765 |    1 |    1 | O       | 0.4401
  766 |    1 |    1 | O       | 0.4508
  767 |    1 |    1 | O       | 0.4524
  768 |    1 |    1 | O       | 0.4194
  769 |    1 |    1 | O       | 0.4124
  770 |    1 |    1 | O       | 0.4401
  771 |    1 |    1 | O       | 0.4100
  772 |    1 |    1 | O       | 0.4405
  773 |    1 |    1 | O       | 0.4263
  774 |    1 |    1 | O       | 0.4526
  775 |    1 |    1 | O       | 0.3908
  776 |    1 |    1 | O       | 0.4320
  777 |    1 |    1 | O       | 0.4276
  778 |    1 |    1 | O       | 0.4197
  779 |    1 |    1 | O       | 0.4347
  780 |    1 |    1 | O       | 0.4183
  781 |    1 |    1 | O       | 0.4020
  782 |    1 |    1 | O       | 0.4524
  783 |    1 |    1 | O       | 0.4180
  784 |    1 |    1 | O       | 0.4174
  785 |    1 |    1 | O       | 0.4455
  786 |    1 |    1 | O       | 0.4200
  787 |    1 |    3 | X       | 0.3589
  788 |    1 |    1 | O       | 0.3853
  789 |    1 |    1 | O       | 0.4126
  790 |    1 |    1 | O       | 0.4524
  791 |    1 |    1 | O       | 0.3986
  792 |    1 |    1 | O       | 0.4347
  793 |    1 |    1 | O       | 0.3824
  794 |    1 |    1 | O       | 0.4112
  795 |    1 |    1 | O       | 0.4213
  796 |    1 |    1 | O       | 0.4188
  797 |    1 |    1 | O       | 0.4250
  798 |    1 |    1 | O       | 0.4333
  799 |    1 |    1 | O       | 0.4026
  800 |    1 |    1 | O       | 0.3688
  801 |    1 |    1 | O       | 0.4213
  802 |    1 |    1 | O       | 0.4194
  803 |    1 |    1 | O       | 0.4313
  804 |    1 |    1 | O       | 0.4168
  805 |    1 |    1 | O       | 0.3905
  806 |    1 |    1 | O       | 0.4432
  807 |    1 |    1 | O       | 0.4181
  808 |    1 |    1 | O       | 0.4026
  809 |    1 |    1 | O       | 0.4344
  810 |    1 |    1 | O       | 0.4156
  811 |    1 |    1 | O       | 0.4527
  812 |    1 |    1 | O       | 0.3834
  813 |    1 |    1 | O       | 0.4470
  814 |    1 |    1 | O       | 0.4450
  815 |    1 |    3 | X       | 0.3591
  816 |    1 |    1 | O       | 0.4114
  817 |    1 |    1 | O       | 0.4358
  818 |    1 |    1 | O       | 0.4103
  819 |    1 |    1 | O       | 0.3997
  820 |    1 |    1 | O       | 0.4469
  821 |    1 |    1 | O       | 0.4409
  822 |    1 |    1 | O       | 0.4388
  823 |    1 |    1 | O       | 0.4065
  824 |    1 |    1 | O       | 0.4127
  825 |    1 |    1 | O       | 0.4453
  826 |    1 |    1 | O       | 0.3643
  827 |    1 |    1 | O       | 0.4482
  828 |    1 |    1 | O       | 0.4527
  829 |    1 |    1 | O       | 0.4469
  830 |    1 |    1 | O       | 0.4394
  831 |    1 |    1 | O       | 0.3934
  832 |    1 |    1 | O       | 0.4406
  833 |    1 |    1 | O       | 0.3629
  834 |    1 |    1 | O       | 0.4489
  835 |    1 |    1 | O       | 0.4309
  836 |    1 |    1 | O       | 0.4138
  837 |    1 |    1 | O       | 0.4515
  838 |    1 |    1 | O       | 0.4526
  839 |    1 |    1 | O       | 0.3607
  840 |    1 |    1 | O       | 0.4319
  841 |    1 |    1 | O       | 0.3979
  842 |    1 |    1 | O       | 0.3730
  843 |    1 |    1 | O       | 0.4206
  844 |    1 |    1 | O       | 0.4380
  845 |    1 |    1 | O       | 0.4521
  846 |    1 |    1 | O       | 0.4352
  847 |    1 |    1 | O       | 0.4522
  848 |    1 |    1 | O       | 0.4416
  849 |    1 |    1 | O       | 0.4242
  850 |    1 |    1 | O       | 0.4209
  851 |    1 |    1 | O       | 0.4331
  852 |    1 |    1 | O       | 0.4213
  853 |    1 |    1 | O       | 0.4177
  854 |    1 |    1 | O       | 0.4390
  855 |    1 |    3 | X       | 0.3605
  856 |    1 |    1 | O       | 0.4204
  857 |    1 |    1 | O       | 0.4220
  858 |    1 |    1 | O       | 0.4526
  859 |    1 |    1 | O       | 0.4527
  860 |    1 |    1 | O       | 0.4154
  861 |    1 |    1 | O       | 0.4218
  862 |    1 |    1 | O       | 0.4306
  863 |    1 |    1 | O       | 0.4484
  864 |    1 |    1 | O       | 0.4187
  865 |    1 |    1 | O       | 0.4271
  866 |    1 |    1 | O       | 0.4521
  867 |    1 |    1 | O       | 0.4205
  868 |    1 |    1 | O       | 0.4493
  869 |    1 |    1 | O       | 0.4410
  870 |    1 |    1 | O       | 0.4462
  871 |    1 |    1 | O       | 0.4208
  872 |    1 |    1 | O       | 0.4511
  873 |    1 |    1 | O       | 0.4282
  874 |    1 |    1 | O       | 0.4509
  875 |    1 |    1 | O       | 0.4188
  876 |    1 |    1 | O       | 0.4354
  877 |    1 |    1 | O       | 0.4241
  878 |    1 |    1 | O       | 0.4371
  879 |    1 |    1 | O       | 0.4524
  880 |    1 |    1 | O       | 0.4084
  881 |    1 |    1 | O       | 0.4212
  882 |    1 |    1 | O       | 0.4200
  883 |    1 |    1 | O       | 0.4509
  884 |    1 |    1 | O       | 0.4396
  885 |    1 |    1 | O       | 0.4309
  886 |    1 |    1 | O       | 0.4288
  887 |    1 |    1 | O       | 0.4481
  888 |    1 |    1 | O       | 0.4395
  889 |    1 |    1 | O       | 0.4259
  890 |    1 |    1 | O       | 0.3740
  891 |    1 |    1 | O       | 0.4270
  892 |    1 |    1 | O       | 0.4397
  893 |    1 |    1 | O       | 0.4453
  894 |    1 |    1 | O       | 0.4367
  895 |    1 |    1 | O       | 0.4181
  896 |    1 |    1 | O       | 0.4130
  897 |    1 |    1 | O       | 0.4385
  898 |    1 |    1 | O       | 0.3818
  899 |    1 |    1 | O       | 0.3891
  900 |    1 |    1 | O       | 0.4523
  901 |    1 |    3 | X       | 0.3606
  902 |    1 |    1 | O       | 0.4211
  903 |    1 |    1 | O       | 0.4208
  904 |    1 |    1 | O       | 0.4257
  905 |    1 |    1 | O       | 0.4091
  906 |    1 |    1 | O       | 0.4509
  907 |    1 |    1 | O       | 0.4489
  908 |    1 |    1 | O       | 0.4850
  909 |    1 |    1 | O       | 0.4028
  910 |    1 |    1 | O       | 0.4461
  911 |    1 |    1 | O       | 0.4224
  912 |    1 |    1 | O       | 0.4199
  913 |    1 |    1 | O       | 0.4098
  914 |    1 |    1 | O       | 0.4264
  915 |    1 |    1 | O       | 0.4170
  916 |    1 |    3 | X       | 0.3607
  917 |    1 |    1 | O       | 0.4042
  918 |    1 |    1 | O       | 0.4438
  919 |    1 |    1 | O       | 0.4151
  920 |    1 |    3 | X       | 0.3645
  921 |    1 |    1 | O       | 0.4144
  922 |    1 |    1 | O       | 0.3612
  923 |    1 |    3 | X       | 0.3606
  924 |    1 |    1 | O       | 0.4291
  925 |    1 |    1 | O       | 0.3910
  926 |    1 |    1 | O       | 0.4212
  927 |    1 |    1 | O       | 0.3837
  928 |    1 |    1 | O       | 0.4410
  929 |    1 |    1 | O       | 0.4526
  930 |    1 |    1 | O       | 0.4322
  931 |    1 |    1 | O       | 0.4179
  932 |    1 |    1 | O       | 0.4512
  933 |    1 |    1 | O       | 0.4427
  934 |    1 |    1 | O       | 0.4514
  935 |    1 |    1 | O       | 0.4109
  936 |    1 |    1 | O       | 0.4218
  937 |    1 |    1 | O       | 0.4302
  938 |    1 |    1 | O       | 0.4588
  939 |    1 |    1 | O       | 0.3953
  940 |    1 |    1 | O       | 0.4182
  941 |    1 |    1 | O       | 0.3932
  942 |    1 |    1 | O       | 0.4444
  943 |    1 |    1 | O       | 0.4181
  944 |    1 |    1 | O       | 0.4475
  945 |    1 |    1 | O       | 0.4487
  946 |    1 |    1 | O       | 0.4198
  947 |    1 |    1 | O       | 0.4182
  948 |    1 |    1 | O       | 0.4160
  949 |    1 |    1 | O       | 0.4338
  950 |    1 |    1 | O       | 0.4191
  951 |    1 |    1 | O       | 0.4377
  952 |    1 |    1 | O       | 0.4203
  953 |    1 |    1 | O       | 0.4140
  954 |    1 |    1 | O       | 0.4456
  955 |    1 |    1 | O       | 0.4469
  956 |    1 |    1 | O       | 0.3869
  957 |    1 |    1 | O       | 0.4009
  958 |    1 |    1 | O       | 0.4144
  959 |    1 |    1 | O       | 0.4279
  960 |    1 |    1 | O       | 0.3786
  961 |    1 |    1 | O       | 0.4104
  962 |    1 |    1 | O       | 0.4527
  963 |    1 |    1 | O       | 0.4434
  964 |    1 |    1 | O       | 0.4451
  965 |    1 |    1 | O       | 0.4471
  966 |    1 |    1 | O       | 0.4458
  967 |    1 |    1 | O       | 0.4325
  968 |    1 |    1 | O       | 0.4526
  969 |    1 |    1 | O       | 0.4182
  970 |    1 |    1 | O       | 0.4183
  971 |    1 |    1 | O       | 0.4481
  972 |    1 |    1 | O       | 0.4385
  973 |    1 |    1 | O       | 0.4112
  974 |    1 |    1 | O       | 0.4094
  975 |    1 |    1 | O       | 0.4317
  976 |    1 |    1 | O       | 0.4146
  977 |    1 |    1 | O       | 0.3918
  978 |    1 |    1 | O       | 0.4098
  979 |    1 |    1 | O       | 0.3658
  980 |    1 |    1 | O       | 0.4220
  981 |    1 |    1 | O       | 0.4135
  982 |    1 |    1 | O       | 0.4348
  983 |    1 |    1 | O       | 0.4101
  984 |    1 |    1 | O       | 0.4234
  985 |    1 |    1 | O       | 0.4474
  986 |    1 |    1 | O       | 0.4278
  987 |    1 |    1 | O       | 0.3846
  988 |    1 |    1 | O       | 0.4446
  989 |    1 |    1 | O       | 0.4432
  990 |    1 |    1 | O       | 0.4527
  991 |    1 |    1 | O       | 0.3676
  992 |    1 |    1 | O       | 0.4479
  993 |    1 |    1 | O       | 0.4228
  994 |    1 |    1 | O       | 0.4432
  995 |    1 |    1 | O       | 0.4197
  996 |    1 |    1 | O       | 0.4112
  997 |    1 |    1 | O       | 0.4211
  998 |    1 |    1 | O       | 0.4125
  999 |    1 |    1 | O       | 0.4008
 1000 |    2 |    2 | O       | 0.4362
 1001 |    2 |    2 | O       | 0.4268
 1002 |    2 |    2 | O       | 0.4383
 1003 |    2 |    2 | O       | 0.3868
 1004 |    2 |    2 | O       | 0.4622
 1005 |    2 |    2 | O       | 0.4008
 1006 |    2 |    2 | O       | 0.4317
 1007 |    2 |    2 | O       | 0.4223
 1008 |    2 |    2 | O       | 0.4396
 1009 |    2 |    2 | O       | 0.4405
 1010 |    2 |    2 | O       | 0.3998
 1011 |    2 |    2 | O       | 0.4561
 1012 |    2 |    2 | O       | 0.4357
 1013 |    2 |    2 | O       | 0.4064
 1014 |    2 |    2 | O       | 0.4510
 1015 |    2 |    2 | O       | 0.4546
 1016 |    2 |    2 | O       | 0.4470
 1017 |    2 |    2 | O       | 0.4060
 1018 |    2 |    3 | X       | 0.3914
 1019 |    2 |    2 | O       | 0.4079
 1020 |    2 |    2 | O       | 0.3976
 1021 |    2 |    2 | O       | 0.4488
 1022 |    2 |    2 | O       | 0.4136
 1023 |    2 |    2 | O       | 0.4361
 1024 |    2 |    2 | O       | 0.4028
 1025 |    2 |    2 | O       | 0.4025
 1026 |    2 |    2 | O       | 0.4069
 1027 |    2 |    2 | O       | 0.4473
 1028 |    2 |    2 | O       | 0.3992
 1029 |    2 |    2 | O       | 0.4464
 1030 |    2 |    2 | O       | 0.4128
 1031 |    2 |    2 | O       | 0.4203
 1032 |    2 |    2 | O       | 0.4392
 1033 |    2 |    2 | O       | 0.4416
 1034 |    2 |    2 | O       | 0.3983
 1035 |    2 |    2 | O       | 0.4416
 1036 |    2 |    2 | O       | 0.4097
 1037 |    2 |    2 | O       | 0.4369
 1038 |    2 |    2 | O       | 0.4369
 1039 |    2 |    2 | O       | 0.4570
 1040 |    2 |    2 | O       | 0.4295
 1041 |    2 |    2 | O       | 0.4399
 1042 |    2 |    2 | O       | 0.4414
 1043 |    2 |    2 | O       | 0.4470
 1044 |    2 |    2 | O       | 0.4397
 1045 |    2 |    2 | O       | 0.4393
 1046 |    2 |    2 | O       | 0.4274
 1047 |    2 |    2 | O       | 0.4259
 1048 |    2 |    2 | O       | 0.4467
 1049 |    2 |    3 | X       | 0.3813
 1050 |    2 |    2 | O       | 0.4270
 1051 |    2 |    2 | O       | 0.4611
 1052 |    2 |    2 | O       | 0.4366
 1053 |    2 |    2 | O       | 0.4308
 1054 |    2 |    2 | O       | 0.3911
 1055 |    2 |    2 | O       | 0.4609
 1056 |    2 |    2 | O       | 0.4342
 1057 |    2 |    2 | O       | 0.4425
 1058 |    2 |    2 | O       | 0.4404
 1059 |    2 |    2 | O       | 0.4529
 1060 |    2 |    2 | O       | 0.4390
 1061 |    2 |    2 | O       | 0.4392
 1062 |    2 |    2 | O       | 0.4498
 1063 |    2 |    2 | O       | 0.4274
 1064 |    2 |    2 | O       | 0.4448
 1065 |    2 |    2 | O       | 0.3981
 1066 |    2 |    2 | O       | 0.4370
 1067 |    2 |    2 | O       | 0.3891
 1068 |    2 |    2 | O       | 0.4414
 1069 |    2 |    2 | O       | 0.4016
 1070 |    2 |    3 | X       | 0.3797
 1071 |    2 |    2 | O       | 0.4071
 1072 |    2 |    2 | O       | 0.3965
 1073 |    2 |    2 | O       | 0.3910
 1074 |    2 |    2 | O       | 0.4611
 1075 |    2 |    2 | O       | 0.4518
 1076 |    2 |    2 | O       | 0.4581
 1077 |    2 |    2 | O       | 0.4415
 1078 |    2 |    2 | O       | 0.4369
 1079 |    2 |    2 | O       | 0.3998
 1080 |    2 |    2 | O       | 0.4360
 1081 |    2 |    3 | X       | 0.4217
 1082 |    2 |    2 | O       | 0.4413
 1083 |    2 |    2 | O       | 0.4382
 1084 |    2 |    2 | O       | 0.4503
 1085 |    2 |    2 | O       | 0.4476
 1086 |    2 |    2 | O       | 0.4094
 1087 |    2 |    2 | O       | 0.3920
 1088 |    2 |    3 | X       | 0.3900
 1089 |    2 |    2 | O       | 0.4557
 1090 |    2 |    2 | O       | 0.4366
 1091 |    2 |    2 | O       | 0.4235
 1092 |    2 |    0 | X       | 0.3633
 1093 |    2 |    2 | O       | 0.4467
 1094 |    2 |    2 | O       | 0.4636
 1095 |    2 |    2 | O       | 0.4435
 1096 |    2 |    2 | O       | 0.4391
 1097 |    2 |    2 | O       | 0.3974
 1098 |    2 |    2 | O       | 0.4533
 1099 |    2 |    2 | O       | 0.4244
 1100 |    2 |    2 | O       | 0.4379
 1101 |    2 |    2 | O       | 0.4240
 1102 |    2 |    2 | O       | 0.3877
 1103 |    2 |    2 | O       | 0.4433
 1104 |    2 |    2 | O       | 0.3912
 1105 |    2 |    2 | O       | 0.4029
 1106 |    2 |    2 | O       | 0.3889
 1107 |    2 |    3 | X       | 0.3553
 1108 |    2 |    3 | X       | 0.3834
 1109 |    2 |    2 | O       | 0.3919
 1110 |    2 |    2 | O       | 0.4375
 1111 |    2 |    2 | O       | 0.4057
 1112 |    2 |    2 | O       | 0.4489
 1113 |    2 |    2 | O       | 0.3965
 1114 |    2 |    2 | O       | 0.4445
 1115 |    2 |    2 | O       | 0.4262
 1116 |    2 |    2 | O       | 0.3593
 1117 |    2 |    2 | O       | 0.4441
 1118 |    2 |    2 | O       | 0.4420
 1119 |    2 |    2 | O       | 0.4291
 1120 |    2 |    2 | O       | 0.4241
 1121 |    2 |    2 | O       | 0.4418
 1122 |    2 |    2 | O       | 0.3879
 1123 |    2 |    2 | O       | 0.4411
 1124 |    2 |    2 | O       | 0.4433
 1125 |    2 |    2 | O       | 0.4606
 1126 |    2 |    2 | O       | 0.4215
 1127 |    2 |    2 | O       | 0.4568
 1128 |    2 |    2 | O       | 0.4338
 1129 |    2 |    2 | O       | 0.4409
 1130 |    2 |    2 | O       | 0.4401
 1131 |    2 |    2 | O       | 0.3924
 1132 |    2 |    2 | O       | 0.4146
 1133 |    2 |    2 | O       | 0.4544
 1134 |    2 |    2 | O       | 0.4170
 1135 |    2 |    2 | O       | 0.4564
 1136 |    2 |    2 | O       | 0.4004
 1137 |    2 |    2 | O       | 0.3663
 1138 |    2 |    2 | O       | 0.3939
 1139 |    2 |    2 | O       | 0.4348
 1140 |    2 |    0 | X       | 0.3773
 1141 |    2 |    2 | O       | 0.3901
 1142 |    2 |    2 | O       | 0.4122
 1143 |    2 |    2 | O       | 0.4190
 1144 |    2 |    2 | O       | 0.3921
 1145 |    2 |    2 | O       | 0.4472
 1146 |    2 |    2 | O       | 0.4396
 1147 |    2 |    2 | O       | 0.4245
 1148 |    2 |    2 | O       | 0.4480
 1149 |    2 |    2 | O       | 0.4640
 1150 |    2 |    2 | O       | 0.4354
 1151 |    2 |    2 | O       | 0.4350
 1152 |    2 |    2 | O       | 0.4240
 1153 |    2 |    2 | O       | 0.4036
 1154 |    2 |    2 | O       | 0.4228
 1155 |    2 |    2 | O       | 0.4373
 1156 |    2 |    2 | O       | 0.3728
 1157 |    2 |    2 | O       | 0.4234
 1158 |    2 |    2 | O       | 0.4398
 1159 |    2 |    2 | O       | 0.4208
 1160 |    2 |    2 | O       | 0.4444
 1161 |    2 |    2 | O       | 0.4330
 1162 |    2 |    2 | O       | 0.4043
 1163 |    2 |    2 | O       | 0.4527
 1164 |    2 |    2 | O       | 0.4367
 1165 |    2 |    2 | O       | 0.4370
 1166 |    2 |    2 | O       | 0.4379
 1167 |    2 |    2 | O       | 0.4095
 1168 |    2 |    2 | O       | 0.4623
 1169 |    2 |    2 | O       | 0.4410
 1170 |    2 |    2 | O       | 0.4188
 1171 |    2 |    2 | O       | 0.4396
 1172 |    2 |    2 | O       | 0.4447
 1173 |    2 |    2 | O       | 0.4169
 1174 |    2 |    2 | O       | 0.4449
 1175 |    2 |    2 | O       | 0.4583
 1176 |    2 |    2 | O       | 0.4487
 1177 |    2 |    2 | O       | 0.4426
 1178 |    2 |    2 | O       | 0.4044
 1179 |    2 |    2 | O       | 0.3291
 1180 |    2 |    2 | O       | 0.3866
 1181 |    2 |    2 | O       | 0.4246
 1182 |    2 |    2 | O       | 0.4414
 1183 |    2 |    2 | O       | 0.4304
 1184 |    2 |    2 | O       | 0.4183
 1185 |    2 |    2 | O       | 0.4484
 1186 |    2 |    2 | O       | 0.4427
 1187 |    2 |    2 | O       | 0.4146
 1188 |    2 |    2 | O       | 0.4320
 1189 |    2 |    2 | O       | 0.4368
 1190 |    2 |    2 | O       | 0.4472
 1191 |    2 |    2 | O       | 0.4478
 1192 |    2 |    2 | O       | 0.4505
 1193 |    2 |    2 | O       | 0.4420
 1194 |    2 |    2 | O       | 0.3846
 1195 |    2 |    2 | O       | 0.4016
 1196 |    2 |    2 | O       | 0.4653
 1197 |    2 |    2 | O       | 0.4427
 1198 |    2 |    2 | O       | 0.4465
 1199 |    2 |    2 | O       | 0.4376
 1200 |    2 |    2 | O       | 0.4016
 1201 |    2 |    2 | O       | 0.3844
 1202 |    2 |    3 | X       | 0.3879
 1203 |    2 |    2 | O       | 0.4226
 1204 |    2 |    2 | O       | 0.4527
 1205 |    2 |    2 | O       | 0.4536
 1206 |    2 |    2 | O       | 0.4419
 1207 |    2 |    2 | O       | 0.4455
 1208 |    2 |    2 | O       | 0.4355
 1209 |    2 |    2 | O       | 0.4172
 1210 |    2 |    2 | O       | 0.4451
 1211 |    2 |    2 | O       | 0.4139
 1212 |    2 |    2 | O       | 0.4279
 1213 |    2 |    2 | O       | 0.3893
 1214 |    2 |    2 | O       | 0.4388
 1215 |    2 |    2 | O       | 0.3967
 1216 |    2 |    2 | O       | 0.4519
 1217 |    2 |    2 | O       | 0.3949
 1218 |    2 |    2 | O       | 0.4129
 1219 |    2 |    2 | O       | 0.4497
 1220 |    2 |    2 | O       | 0.4518
 1221 |    2 |    2 | O       | 0.4420
 1222 |    2 |    2 | O       | 0.4420
 1223 |    2 |    2 | O       | 0.3927
 1224 |    2 |    3 | X       | 0.3739
 1225 |    2 |    2 | O       | 0.4206
 1226 |    2 |    2 | O       | 0.4610
 1227 |    2 |    2 | O       | 0.4044
 1228 |    2 |    2 | O       | 0.4566
 1229 |    2 |    2 | O       | 0.4384
 1230 |    2 |    2 | O       | 0.4494
 1231 |    2 |    2 | O       | 0.4375
 1232 |    2 |    2 | O       | 0.4212
 1233 |    2 |    2 | O       | 0.4337
 1234 |    2 |    2 | O       | 0.4016
 1235 |    2 |    2 | O       | 0.4068
 1236 |    2 |    2 | O       | 0.4263
 1237 |    2 |    2 | O       | 0.4409
 1238 |    2 |    2 | O       | 0.4132
 1239 |    2 |    2 | O       | 0.4486
 1240 |    2 |    2 | O       | 0.4449
 1241 |    2 |    2 | O       | 0.4330
 1242 |    2 |    2 | O       | 0.4156
 1243 |    2 |    2 | O       | 0.4459
 1244 |    2 |    2 | O       | 0.3909
 1245 |    2 |    0 | X       | 0.3372
 1246 |    2 |    2 | O       | 0.4394
 1247 |    2 |    2 | O       | 0.4457
 1248 |    2 |    2 | O       | 0.3991
 1249 |    2 |    2 | O       | 0.4429
 1250 |    2 |    2 | O       | 0.4103
 1251 |    2 |    2 | O       | 0.3977
 1252 |    2 |    2 | O       | 0.4246
 1253 |    2 |    2 | O       | 0.4127
 1254 |    2 |    2 | O       | 0.3951
 1255 |    2 |    2 | O       | 0.3867
 1256 |    2 |    2 | O       | 0.4517
 1257 |    2 |    2 | O       | 0.4383
 1258 |    2 |    2 | O       | 0.4416
 1259 |    2 |    2 | O       | 0.4036
 1260 |    2 |    2 | O       | 0.4388
 1261 |    2 |    2 | O       | 0.4392
 1262 |    2 |    2 | O       | 0.3915
 1263 |    2 |    2 | O       | 0.4552
 1264 |    2 |    2 | O       | 0.3899
 1265 |    2 |    2 | O       | 0.4520
 1266 |    2 |    2 | O       | 0.4631
 1267 |    2 |    2 | O       | 0.3944
 1268 |    2 |    2 | O       | 0.4465
 1269 |    2 |    2 | O       | 0.4301
 1270 |    2 |    2 | O       | 0.4272
 1271 |    2 |    0 | X       | 0.4062
 1272 |    2 |    2 | O       | 0.4438
 1273 |    2 |    2 | O       | 0.4178
 1274 |    2 |    2 | O       | 0.4425
 1275 |    2 |    2 | O       | 0.3916
 1276 |    2 |    2 | O       | 0.4428
 1277 |    2 |    2 | O       | 0.4512
 1278 |    2 |    2 | O       | 0.4643
 1279 |    2 |    2 | O       | 0.4132
 1280 |    2 |    2 | O       | 0.3734
 1281 |    2 |    2 | O       | 0.3718
 1282 |    2 |    2 | O       | 0.4382
 1283 |    2 |    2 | O       | 0.4566
 1284 |    2 |    2 | O       | 0.4477
 1285 |    2 |    2 | O       | 0.4379
 1286 |    2 |    2 | O       | 0.4450
 1287 |    2 |    2 | O       | 0.4368
 1288 |    2 |    2 | O       | 0.4064
 1289 |    2 |    2 | O       | 0.4494
 1290 |    2 |    2 | O       | 0.4270
 1291 |    2 |    2 | O       | 0.4542
 1292 |    2 |    2 | O       | 0.4291
 1293 |    2 |    2 | O       | 0.4388
 1294 |    2 |    2 | O       | 0.4340
 1295 |    2 |    2 | O       | 0.4496
 1296 |    2 |    2 | O       | 0.4370
 1297 |    2 |    2 | O       | 0.4463
 1298 |    2 |    2 | O       | 0.3877
 1299 |    2 |    2 | O       | 0.4493
 1300 |    2 |    2 | O       | 0.4332
 1301 |    2 |    2 | O       | 0.4072
 1302 |    2 |    2 | O       | 0.4315
 1303 |    2 |    2 | O       | 0.4059
 1304 |    2 |    2 | O       | 0.4112
 1305 |    2 |    2 | O       | 0.4349
 1306 |    2 |    2 | O       | 0.3880
 1307 |    2 |    2 | O       | 0.3917
 1308 |    2 |    2 | O       | 0.4399
 1309 |    2 |    2 | O       | 0.4428
 1310 |    2 |    2 | O       | 0.4056
 1311 |    2 |    2 | O       | 0.3886
 1312 |    2 |    2 | O       | 0.4597
 1313 |    2 |    2 | O       | 0.4428
 1314 |    2 |    2 | O       | 0.4266
 1315 |    2 |    2 | O       | 0.4330
 1316 |    2 |    2 | O       | 0.4358
 1317 |    2 |    2 | O       | 0.4005
 1318 |    2 |    2 | O       | 0.4434
 1319 |    2 |    2 | O       | 0.4361
 1320 |    2 |    2 | O       | 0.4419
 1321 |    2 |    3 | X       | 0.3970
 1322 |    2 |    2 | O       | 0.3684
 1323 |    2 |    2 | O       | 0.4513
 1324 |    2 |    2 | O       | 0.4476
 1325 |    2 |    2 | O       | 0.4238
 1326 |    2 |    2 | O       | 0.4368
 1327 |    2 |    2 | O       | 0.4314
 1328 |    2 |    2 | O       | 0.4093
 1329 |    2 |    2 | O       | 0.4165
 1330 |    2 |    2 | O       | 0.4009
 1331 |    2 |    2 | O       | 0.4184
 1332 |    2 |    2 | O       | 0.4653
 1333 |    2 |    2 | O       | 0.3832
 1334 |    2 |    2 | O       | 0.4054
 1335 |    2 |    2 | O       | 0.4614
 1336 |    2 |    2 | O       | 0.4363
 1337 |    2 |    2 | O       | 0.4438
 1338 |    2 |    2 | O       | 0.3943
 1339 |    2 |    2 | O       | 0.4393
 1340 |    2 |    2 | O       | 0.3945
 1341 |    2 |    2 | O       | 0.4333
 1342 |    2 |    2 | O       | 0.4393
 1343 |    2 |    2 | O       | 0.4585
 1344 |    2 |    2 | O       | 0.4398
 1345 |    2 |    2 | O       | 0.4349
 1346 |    2 |    2 | O       | 0.4400
 1347 |    2 |    2 | O       | 0.4249
 1348 |    2 |    2 | O       | 0.4439
 1349 |    2 |    2 | O       | 0.4289
 1350 |    2 |    3 | X       | 0.3609
 1351 |    2 |    2 | O       | 0.3981
 1352 |    2 |    2 | O       | 0.4289
 1353 |    2 |    2 | O       | 0.4193
 1354 |    2 |    2 | O       | 0.4269
 1355 |    2 |    2 | O       | 0.3964
 1356 |    2 |    2 | O       | 0.4336
 1357 |    2 |    2 | O       | 0.4652
 1358 |    2 |    2 | O       | 0.4009
 1359 |    2 |    2 | O       | 0.4299
 1360 |    2 |    2 | O       | 0.4460
 1361 |    2 |    2 | O       | 0.4208
 1362 |    2 |    2 | O       | 0.4508
 1363 |    2 |    2 | O       | 0.4265
 1364 |    2 |    3 | X       | 0.3985
 1365 |    2 |    2 | O       | 0.3951
 1366 |    2 |    2 | O       | 0.4419
 1367 |    2 |    2 | O       | 0.4150
 1368 |    2 |    2 | O       | 0.4616
 1369 |    2 |    2 | O       | 0.4424
 1370 |    2 |    2 | O       | 0.4544
 1371 |    2 |    2 | O       | 0.4500
 1372 |    2 |    2 | O       | 0.4236
 1373 |    2 |    2 | O       | 0.4537
 1374 |    2 |    2 | O       | 0.4339
 1375 |    2 |    2 | O       | 0.4429
 1376 |    2 |    2 | O       | 0.4354
 1377 |    2 |    2 | O       | 0.4039
 1378 |    2 |    2 | O       | 0.4375
 1379 |    2 |    2 | O       | 0.4354
 1380 |    2 |    2 | O       | 0.3931
 1381 |    2 |    2 | O       | 0.4265
 1382 |    2 |    2 | O       | 0.4319
 1383 |    2 |    2 | O       | 0.4548
 1384 |    2 |    2 | O       | 0.4468
 1385 |    2 |    2 | O       | 0.4211
 1386 |    2 |    2 | O       | 0.4529
 1387 |    2 |    2 | O       | 0.4487
 1388 |    2 |    2 | O       | 0.4202
 1389 |    2 |    2 | O       | 0.4642
 1390 |    2 |    2 | O       | 0.3762
 1391 |    2 |    2 | O       | 0.4411
 1392 |    2 |    2 | O       | 0.4082
 1393 |    2 |    2 | O       | 0.3912
 1394 |    2 |    3 | X       | 0.3798
 1395 |    2 |    2 | O       | 0.4302
 1396 |    2 |    2 | O       | 0.4381
 1397 |    2 |    2 | O       | 0.4268
 1398 |    2 |    2 | O       | 0.4615
 1399 |    2 |    2 | O       | 0.3935
 1400 |    2 |    2 | O       | 0.4265
 1401 |    2 |    2 | O       | 0.4043
 1402 |    2 |    2 | O       | 0.4423
 1403 |    2 |    2 | O       | 0.4174
 1404 |    2 |    2 | O       | 0.3915
 1405 |    2 |    2 | O       | 0.4256
 1406 |    2 |    3 | X       | 0.4072
 1407 |    2 |    2 | O       | 0.4133
 1408 |    2 |    2 | O       | 0.4158
 1409 |    2 |    2 | O       | 0.4032
 1410 |    2 |    2 | O       | 0.4539
 1411 |    2 |    2 | O       | 0.4486
 1412 |    2 |    2 | O       | 0.4544
 1413 |    2 |    2 | O       | 0.4184
 1414 |    2 |    0 | X       | 0.3508
 1415 |    2 |    2 | O       | 0.4046
 1416 |    2 |    2 | O       | 0.4478
 1417 |    2 |    2 | O       | 0.4245
 1418 |    2 |    2 | O       | 0.4442
 1419 |    2 |    2 | O       | 0.4306
 1420 |    2 |    2 | O       | 0.3983
 1421 |    2 |    3 | X       | 0.3692
 1422 |    2 |    2 | O       | 0.4467
 1423 |    2 |    2 | O       | 0.4224
 1424 |    2 |    2 | O       | 0.3998
 1425 |    2 |    2 | O       | 0.4468
 1426 |    2 |    2 | O       | 0.3865
 1427 |    2 |    2 | O       | 0.4480
 1428 |    2 |    2 | O       | 0.4465
 1429 |    2 |    2 | O       | 0.4460
 1430 |    2 |    2 | O       | 0.4050
 1431 |    2 |    3 | X       | 0.4008
 1432 |    2 |    2 | O       | 0.4534
 1433 |    2 |    2 | O       | 0.4465
 1434 |    2 |    2 | O       | 0.3875
 1435 |    2 |    2 | O       | 0.3892
 1436 |    2 |    2 | O       | 0.4608
 1437 |    2 |    2 | O       | 0.4130
 1438 |    2 |    2 | O       | 0.3627
 1439 |    2 |    2 | O       | 0.4379
 1440 |    2 |    2 | O       | 0.4403
 1441 |    2 |    2 | O       | 0.4339
 1442 |    2 |    2 | O       | 0.4537
 1443 |    2 |    2 | O       | 0.4404
 1444 |    2 |    2 | O       | 0.4431
 1445 |    2 |    2 | O       | 0.4649
 1446 |    2 |    2 | O       | 0.4386
 1447 |    2 |    2 | O       | 0.3759
 1448 |    2 |    2 | O       | 0.3986
 1449 |    2 |    2 | O       | 0.4151
 1450 |    2 |    2 | O       | 0.4174
 1451 |    2 |    2 | O       | 0.4187
 1452 |    2 |    2 | O       | 0.4385
 1453 |    2 |    2 | O       | 0.4316
 1454 |    2 |    2 | O       | 0.4320
 1455 |    2 |    2 | O       | 0.4040
 1456 |    2 |    2 | O       | 0.4448
 1457 |    2 |    2 | O       | 0.4469
 1458 |    2 |    2 | O       | 0.4443
 1459 |    2 |    2 | O       | 0.4001
 1460 |    2 |    2 | O       | 0.3927
 1461 |    2 |    2 | O       | 0.4327
 1462 |    2 |    2 | O       | 0.4237
 1463 |    2 |    2 | O       | 0.4402
 1464 |    2 |    2 | O       | 0.3900
 1465 |    2 |    2 | O       | 0.4606
 1466 |    2 |    2 | O       | 0.4272
 1467 |    2 |    2 | O       | 0.4311
 1468 |    2 |    2 | O       | 0.4396
 1469 |    2 |    3 | X       | 0.3976
 1470 |    2 |    2 | O       | 0.4335
 1471 |    2 |    2 | O       | 0.4460
 1472 |    2 |    2 | O       | 0.4571
 1473 |    2 |    2 | O       | 0.4516
 1474 |    2 |    2 | O       | 0.4264
 1475 |    2 |    2 | O       | 0.3849
 1476 |    2 |    2 | O       | 0.4417
 1477 |    2 |    2 | O       | 0.4152
 1478 |    2 |    2 | O       | 0.4496
 1479 |    2 |    2 | O       | 0.4008
 1480 |    2 |    0 | X       | 0.3706
 1481 |    2 |    2 | O       | 0.3640
 1482 |    2 |    2 | O       | 0.4019
 1483 |    2 |    2 | O       | 0.4154
 1484 |    2 |    2 | O       | 0.4008
 1485 |    2 |    2 | O       | 0.3975
 1486 |    2 |    2 | O       | 0.4364
 1487 |    2 |    0 | X       | 0.4082
 1488 |    2 |    2 | O       | 0.4330
 1489 |    2 |    2 | O       | 0.4227
 1490 |    2 |    3 | X       | 0.3990
 1491 |    2 |    2 | O       | 0.4303
 1492 |    2 |    2 | O       | 0.4452
 1493 |    2 |    2 | O       | 0.4400
 1494 |    2 |    2 | O       | 0.4383
 1495 |    2 |    2 | O       | 0.4059
 1496 |    2 |    2 | O       | 0.4368
 1497 |    2 |    2 | O       | 0.4252
 1498 |    2 |    2 | O       | 0.4560
 1499 |    2 |    2 | O       | 0.4515
 1500 |    3 |    3 | O       | 0.3753
 1501 |    3 |    3 | O       | 0.3860
 1502 |    3 |    3 | O       | 0.3828
 1503 |    3 |    1 | X       | 0.4341
 1504 |    3 |    3 | O       | 0.3658
 1505 |    3 |    3 | O       | 0.4005
 1506 |    3 |    1 | X       | 0.4219
 1507 |    3 |    3 | O       | 0.3645
 1508 |    3 |    3 | O       | 0.3943
 1509 |    3 |    3 | O       | 0.3892
 1510 |    3 |    3 | O       | 0.3680
 1511 |    3 |    1 | X       | 0.3768
 1512 |    3 |    3 | O       | 0.3831
 1513 |    3 |    3 | O       | 0.3809
 1514 |    3 |    3 | O       | 0.3763
 1515 |    3 |    3 | O       | 0.3783
 1516 |    3 |    1 | X       | 0.3886
 1517 |    3 |    1 | X       | 0.3876
 1518 |    3 |    3 | O       | 0.4383
 1519 |    3 |    3 | O       | 0.4515
 1520 |    3 |    3 | O       | 0.3950
 1521 |    3 |    3 | O       | 0.3693
 1522 |    3 |    3 | O       | 0.4053
 1523 |    3 |    3 | O       | 0.4380
 1524 |    3 |    3 | O       | 0.3759
 1525 |    3 |    3 | O       | 0.4435
 1526 |    3 |    1 | X       | 0.3834
 1527 |    3 |    3 | O       | 0.4001
 1528 |    3 |    3 | O       | 0.3693
 1529 |    3 |    1 | X       | 0.3736
 1530 |    3 |    1 | X       | 0.4324
 1531 |    3 |    1 | X       | 0.4111
 1532 |    3 |    3 | O       | 0.3991
 1533 |    3 |    3 | O       | 0.3753
 1534 |    3 |    3 | O       | 0.4432
 1535 |    3 |    3 | O       | 0.3758
 1536 |    3 |    3 | O       | 0.3946
 1537 |    3 |    3 | O       | 0.3969
 1538 |    3 |    3 | O       | 0.3956
 1539 |    3 |    3 | O       | 0.4249
 1540 |    3 |    3 | O       | 0.3726
 1541 |    3 |    3 | O       | 0.4080
 1542 |    3 |    3 | O       | 0.3816
 1543 |    3 |    1 | X       | 0.4171
 1544 |    3 |    3 | O       | 0.4273
 1545 |    3 |    3 | O       | 0.4194
 1546 |    3 |    3 | O       | 0.3800
 1547 |    3 |    3 | O       | 0.4418
 1548 |    3 |    3 | O       | 0.3839
 1549 |    3 |    3 | O       | 0.3925
 1550 |    3 |    3 | O       | 0.4430
 1551 |    3 |    3 | O       | 0.4156
 1552 |    3 |    3 | O       | 0.4130
 1553 |    3 |    3 | O       | 0.3823
 1554 |    3 |    3 | O       | 0.4642
 1555 |    3 |    3 | O       | 0.3820
 1556 |    3 |    3 | O       | 0.4434
 1557 |    3 |    3 | O       | 0.4173
 1558 |    3 |    3 | O       | 0.3714
 1559 |    3 |    3 | O       | 0.3782
 1560 |    3 |    3 | O       | 0.3660
 1561 |    3 |    1 | X       | 0.3651
 1562 |    3 |    1 | X       | 0.4064
 1563 |    3 |    3 | O       | 0.4267
 1564 |    3 |    3 | O       | 0.3851
 1565 |    3 |    3 | O       | 0.3656
 1566 |    3 |    3 | O       | 0.3737
 1567 |    3 |    3 | O       | 0.3895
 1568 |    3 |    3 | O       | 0.3783
 1569 |    3 |    3 | O       | 0.3939
 1570 |    3 |    3 | O       | 0.4136
 1571 |    3 |    1 | X       | 0.3680
 1572 |    3 |    3 | O       | 0.4111
 1573 |    3 |    3 | O       | 0.4268
 1574 |    3 |    3 | O       | 0.4336
 1575 |    3 |    3 | O       | 0.4247
 1576 |    3 |    3 | O       | 0.3935
 1577 |    3 |    3 | O       | 0.3713
 1578 |    3 |    1 | X       | 0.3957
 1579 |    3 |    3 | O       | 0.4104
 1580 |    3 |    3 | O       | 0.3687
 1581 |    3 |    1 | X       | 0.3885
 1582 |    3 |    1 | X       | 0.3917
 1583 |    3 |    3 | O       | 0.3795
 1584 |    3 |    3 | O       | 0.4482
 1585 |    3 |    3 | O       | 0.4233
 1586 |    3 |    3 | O       | 0.3813
 1587 |    3 |    1 | X       | 0.3773
 1588 |    3 |    3 | O       | 0.3675
 1589 |    3 |    3 | O       | 0.3756
 1590 |    3 |    3 | O       | 0.4002
 1591 |    3 |    3 | O       | 0.4059
 1592 |    3 |    3 | O       | 0.3709
 1593 |    3 |    3 | O       | 0.3759
 1594 |    3 |    1 | X       | 0.3698
 1595 |    3 |    1 | X       | 0.3841
 1596 |    3 |    3 | O       | 0.3783
 1597 |    3 |    3 | O       | 0.3779
 1598 |    3 |    3 | O       | 0.3890
 1599 |    3 |    3 | O       | 0.3651
 1600 |    3 |    3 | O       | 0.4795
 1601 |    3 |    3 | O       | 0.3880
 1602 |    3 |    3 | O       | 0.3812
 1603 |    3 |    3 | O       | 0.3881
 1604 |    3 |    3 | O       | 0.4314
 1605 |    3 |    3 | O       | 0.4048
 1606 |    3 |    3 | O       | 0.3771
 1607 |    3 |    3 | O       | 0.4386
 1608 |    3 |    1 | X       | 0.4008
 1609 |    3 |    3 | O       | 0.3827
 1610 |    3 |    3 | O       | 0.4384
 1611 |    3 |    3 | O       | 0.3789
 1612 |    3 |    3 | O       | 0.4282
 1613 |    3 |    1 | X       | 0.3753
 1614 |    3 |    1 | X       | 0.3738
 1615 |    3 |    3 | O       | 0.4183
 1616 |    3 |    3 | O       | 0.3794
 1617 |    3 |    3 | O       | 0.3755
 1618 |    3 |    3 | O       | 0.3935
 1619 |    3 |    3 | O       | 0.3773
 1620 |    3 |    3 | O       | 0.3870
 1621 |    3 |    1 | X       | 0.4126
 1622 |    3 |    3 | O       | 0.3832
 1623 |    3 |    3 | O       | 0.3922
 1624 |    3 |    3 | O       | 0.3737
 1625 |    3 |    3 | O       | 0.4279
 1626 |    3 |    3 | O       | 0.3906
 1627 |    3 |    3 | O       | 0.4373
 1628 |    3 |    1 | X       | 0.3670
 1629 |    3 |    3 | O       | 0.3797
 1630 |    3 |    1 | X       | 0.4060
 1631 |    3 |    3 | O       | 0.4084
 1632 |    3 |    3 | O       | 0.3779
 1633 |    3 |    1 | X       | 0.3939
 1634 |    3 |    3 | O       | 0.3769
 1635 |    3 |    3 | O       | 0.3992
 1636 |    3 |    3 | O       | 0.3822
 1637 |    3 |    3 | O       | 0.3867
 1638 |    3 |    3 | O       | 0.4489
 1639 |    3 |    3 | O       | 0.3660
 1640 |    3 |    3 | O       | 0.3865
 1641 |    3 |    3 | O       | 0.3761
 1642 |    3 |    3 | O       | 0.3718
 1643 |    3 |    3 | O       | 0.3892
 1644 |    3 |    1 | X       | 0.3641
 1645 |    3 |    3 | O       | 0.4151
 1646 |    3 |    1 | X       | 0.4002
 1647 |    3 |    3 | O       | 0.3765
 1648 |    3 |    3 | O       | 0.3823
 1649 |    3 |    3 | O       | 0.4173
 1650 |    3 |    1 | X       | 0.4012
 1651 |    3 |    1 | X       | 0.3780
 1652 |    3 |    3 | O       | 0.3974
 1653 |    3 |    3 | O       | 0.3875
 1654 |    3 |    3 | O       | 0.4470
 1655 |    3 |    3 | O       | 0.3936
 1656 |    3 |    3 | O       | 0.3756
 1657 |    3 |    3 | O       | 0.3899
 1658 |    3 |    3 | O       | 0.4418
 1659 |    3 |    3 | O       | 0.3702
 1660 |    3 |    3 | O       | 0.3849
 1661 |    3 |    3 | O       | 0.3824
 1662 |    3 |    1 | X       | 0.3698
 1663 |    3 |    1 | X       | 0.3932
 1664 |    3 |    3 | O       | 0.3775
 1665 |    3 |    1 | X       | 0.3989
 1666 |    3 |    3 | O       | 0.3651
 1667 |    3 |    1 | X       | 0.4292
 1668 |    3 |    3 | O       | 0.3941
 1669 |    3 |    3 | O       | 0.4557
 1670 |    3 |    3 | O       | 0.3835
 1671 |    3 |    3 | O       | 0.3796
 1672 |    3 |    3 | O       | 0.3752
 1673 |    3 |    3 | O       | 0.3925
 1674 |    3 |    3 | O       | 0.3946
 1675 |    3 |    1 | X       | 0.3843
 1676 |    3 |    3 | O       | 0.3712
 1677 |    3 |    3 | O       | 0.3763
 1678 |    3 |    3 | O       | 0.4501
 1679 |    3 |    3 | O       | 0.4476
 1680 |    3 |    3 | O       | 0.4172
 1681 |    3 |    3 | O       | 0.3846
 1682 |    3 |    3 | O       | 0.3894
 1683 |    3 |    3 | O       | 0.3780
 1684 |    3 |    3 | O       | 0.4316
 1685 |    3 |    1 | X       | 0.4194
 1686 |    3 |    3 | O       | 0.4025
 1687 |    3 |    3 | O       | 0.3989
 1688 |    3 |    3 | O       | 0.3773
 1689 |    3 |    3 | O       | 0.3890
 1690 |    3 |    3 | O       | 0.3931
 1691 |    3 |    3 | O       | 0.3770
 1692 |    3 |    3 | O       | 0.3826
 1693 |    3 |    3 | O       | 0.3901
 1694 |    3 |    3 | O       | 0.3823
 1695 |    3 |    3 | O       | 0.3742
 1696 |    3 |    3 | O       | 0.3770
 1697 |    3 |    3 | O       | 0.3928
 1698 |    3 |    3 | O       | 0.3967
 1699 |    3 |    3 | O       | 0.4453
 1700 |    3 |    3 | O       | 0.3768
 1701 |    3 |    1 | X       | 0.3763
 1702 |    3 |    1 | X       | 0.4318
 1703 |    3 |    3 | O       | 0.3954
 1704 |    3 |    3 | O       | 0.4062
 1705 |    3 |    1 | X       | 0.3714
 1706 |    3 |    3 | O       | 0.4076
 1707 |    3 |    3 | O       | 0.3755
 1708 |    3 |    3 | O       | 0.3750
 1709 |    3 |    3 | O       | 0.3731
 1710 |    3 |    3 | O       | 0.4617
 1711 |    3 |    3 | O       | 0.3764
 1712 |    3 |    3 | O       | 0.4468
 1713 |    3 |    3 | O       | 0.4216
 1714 |    3 |    1 | X       | 0.3807
 1715 |    3 |    3 | O       | 0.3701
 1716 |    3 |    3 | O       | 0.3763
 1717 |    3 |    3 | O       | 0.3807
 1718 |    3 |    3 | O       | 0.3873
 1719 |    3 |    3 | O       | 0.3794
 1720 |    3 |    3 | O       | 0.3767
 1721 |    3 |    1 | X       | 0.4259
 1722 |    3 |    3 | O       | 0.4163
 1723 |    3 |    3 | O       | 0.3712
 1724 |    3 |    3 | O       | 0.3717
 1725 |    3 |    1 | X       | 0.4115
 1726 |    3 |    3 | O       | 0.3805
 1727 |    3 |    3 | O       | 0.3846
 1728 |    3 |    3 | O       | 0.4051
 1729 |    3 |    3 | O       | 0.3757
 1730 |    3 |    1 | X       | 0.3693
 1731 |    3 |    3 | O       | 0.3714
 1732 |    3 |    1 | X       | 0.4042
 1733 |    3 |    3 | O       | 0.3755
 1734 |    3 |    3 | O       | 0.3781
 1735 |    3 |    1 | X       | 0.3638
 1736 |    3 |    3 | O       | 0.3981
 1737 |    3 |    3 | O       | 0.3861
 1738 |    3 |    3 | O       | 0.3812
 1739 |    3 |    1 | X       | 0.3952
 1740 |    3 |    3 | O       | 0.3864
 1741 |    3 |    3 | O       | 0.4666
 1742 |    3 |    3 | O       | 0.3643
 1743 |    3 |    3 | O       | 0.3806
 1744 |    3 |    1 | X       | 0.4087
 1745 |    3 |    3 | O       | 0.3730
 1746 |    3 |    1 | X       | 0.4367
 1747 |    3 |    3 | O       | 0.3716
 1748 |    3 |    1 | X       | 0.4209
 1749 |    3 |    3 | O       | 0.4619
 1750 |    3 |    3 | O       | 0.3702
 1751 |    3 |    3 | O       | 0.3841
 1752 |    3 |    1 | X       | 0.3943
 1753 |    3 |    3 | O       | 0.3869
 1754 |    3 |    3 | O       | 0.3745
 1755 |    3 |    3 | O       | 0.4063
 1756 |    3 |    3 | O       | 0.3798
 1757 |    3 |    3 | O       | 0.3789
 1758 |    3 |    3 | O       | 0.3684
 1759 |    3 |    3 | O       | 0.4096
 1760 |    3 |    3 | O       | 0.4078
 1761 |    3 |    3 | O       | 0.3735
 1762 |    3 |    3 | O       | 0.4357
 1763 |    3 |    3 | O       | 0.3839
 1764 |    3 |    3 | O       | 0.4005
 1765 |    3 |    1 | X       | 0.3866
 1766 |    3 |    3 | O       | 0.4652
 1767 |    3 |    3 | O       | 0.3798
 1768 |    3 |    3 | O       | 0.3711
 1769 |    3 |    3 | O       | 0.4022
 1770 |    3 |    3 | O       | 0.3806
 1771 |    3 |    3 | O       | 0.3858
 1772 |    3 |    3 | O       | 0.3886
 1773 |    3 |    3 | O       | 0.3809
 1774 |    3 |    1 | X       | 0.3912
 1775 |    3 |    3 | O       | 0.4649
 1776 |    3 |    3 | O       | 0.4097
 1777 |    3 |    3 | O       | 0.4555
 1778 |    3 |    3 | O       | 0.4141
 1779 |    3 |    3 | O       | 0.4322
 1780 |    3 |    3 | O       | 0.4066
 1781 |    3 |    3 | O       | 0.4019
 1782 |    3 |    1 | X       | 0.3753
 1783 |    3 |    3 | O       | 0.3683
 1784 |    3 |    1 | X       | 0.3940
 1785 |    3 |    3 | O       | 0.3764
 1786 |    3 |    3 | O       | 0.4010
 1787 |    3 |    3 | O       | 0.3806
 1788 |    3 |    3 | O       | 0.3831
 1789 |    3 |    3 | O       | 0.4238
 1790 |    3 |    3 | O       | 0.3843
 1791 |    3 |    3 | O       | 0.4521
 1792 |    3 |    3 | O       | 0.3803
 1793 |    3 |    3 | O       | 0.4177
 1794 |    3 |    3 | O       | 0.3728
 1795 |    3 |    3 | O       | 0.3841
 1796 |    3 |    3 | O       | 0.3742
 1797 |    3 |    1 | X       | 0.3900
 1798 |    3 |    3 | O       | 0.4270
 1799 |    3 |    3 | O       | 0.3978
 1800 |    3 |    1 | X       | 0.4276
 1801 |    3 |    3 | O       | 0.3724
 1802 |    3 |    1 | X       | 0.4079
 1803 |    3 |    3 | O       | 0.3885
 1804 |    3 |    1 | X       | 0.3895
 1805 |    3 |    3 | O       | 0.3800
 1806 |    3 |    1 | X       | 0.4407
 1807 |    3 |    3 | O       | 0.4080
 1808 |    3 |    3 | O       | 0.3670
 1809 |    3 |    3 | O       | 0.3788
 1810 |    3 |    3 | O       | 0.3785
 1811 |    3 |    3 | O       | 0.3841
 1812 |    3 |    1 | X       | 0.3906
 1813 |    3 |    3 | O       | 0.3754
 1814 |    3 |    1 | X       | 0.3705
 1815 |    3 |    3 | O       | 0.3956
 1816 |    3 |    3 | O       | 0.3975
 1817 |    3 |    3 | O       | 0.3818
 1818 |    3 |    3 | O       | 0.3747
 1819 |    3 |    3 | O       | 0.3773
 1820 |    3 |    3 | O       | 0.3709
 1821 |    3 |    3 | O       | 0.3795
 1822 |    3 |    3 | O       | 0.3854
 1823 |    3 |    3 | O       | 0.3844
 1824 |    3 |    3 | O       | 0.4375
 1825 |    3 |    3 | O       | 0.3919
 1826 |    3 |    3 | O       | 0.4114
 1827 |    3 |    3 | O       | 0.3960
 1828 |    3 |    3 | O       | 0.4355
 1829 |    3 |    3 | O       | 0.4488
 1830 |    3 |    3 | O       | 0.3636
 1831 |    3 |    3 | O       | 0.3931
 1832 |    3 |    3 | O       | 0.3697
 1833 |    3 |    3 | O       | 0.3958
 1834 |    3 |    3 | O       | 0.3847
 1835 |    3 |    3 | O       | 0.3778
 1836 |    3 |    3 | O       | 0.3695
 1837 |    3 |    3 | O       | 0.3762
 1838 |    3 |    3 | O       | 0.4575
 1839 |    3 |    3 | O       | 0.4094
 1840 |    3 |    1 | X       | 0.4337
 1841 |    3 |    3 | O       | 0.4081
 1842 |    3 |    1 | X       | 0.4282
 1843 |    3 |    3 | O       | 0.3860
 1844 |    3 |    1 | X       | 0.3704
 1845 |    3 |    1 | X       | 0.4435
 1846 |    3 |    3 | O       | 0.3719
 1847 |    3 |    3 | O       | 0.4151
 1848 |    3 |    3 | O       | 0.4639
 1849 |    3 |    3 | O       | 0.3857
 1850 |    3 |    3 | O       | 0.4267
 1851 |    3 |    1 | X       | 0.4243
 1852 |    3 |    3 | O       | 0.3656
 1853 |    3 |    3 | O       | 0.3927
 1854 |    3 |    3 | O       | 0.4227
 1855 |    3 |    3 | O       | 0.4050
 1856 |    3 |    3 | O       | 0.3880
 1857 |    3 |    3 | O       | 0.3822
 1858 |    3 |    1 | X       | 0.4281
 1859 |    3 |    3 | O       | 0.3709
 1860 |    3 |    3 | O       | 0.3749
 1861 |    3 |    3 | O       | 0.3750
 1862 |    3 |    3 | O       | 0.3925
 1863 |    3 |    3 | O       | 0.4442
 1864 |    3 |    3 | O       | 0.3961
 1865 |    3 |    3 | O       | 0.3785
 1866 |    3 |    1 | X       | 0.3811
 1867 |    3 |    3 | O       | 0.3853
 1868 |    3 |    3 | O       | 0.3649
 1869 |    3 |    3 | O       | 0.4005
 1870 |    3 |    3 | O       | 0.3724
 1871 |    3 |    3 | O       | 0.3824
 1872 |    3 |    3 | O       | 0.4433
 1873 |    3 |    3 | O       | 0.3834
 1874 |    3 |    3 | O       | 0.4249
 1875 |    3 |    3 | O       | 0.4404
 1876 |    3 |    3 | O       | 0.3747
 1877 |    3 |    3 | O       | 0.4031
 1878 |    3 |    3 | O       | 0.4613
 1879 |    3 |    3 | O       | 0.3875
 1880 |    3 |    1 | X       | 0.3986
 1881 |    3 |    1 | X       | 0.3995
 1882 |    3 |    3 | O       | 0.3825
 1883 |    3 |    1 | X       | 0.4048
 1884 |    3 |    3 | O       | 0.3927
 1885 |    3 |    3 | O       | 0.3838
 1886 |    3 |    3 | O       | 0.4165
 1887 |    3 |    3 | O       | 0.3866
 1888 |    3 |    3 | O       | 0.3680
 1889 |    3 |    3 | O       | 0.3741
 1890 |    3 |    1 | X       | 0.4293
 1891 |    3 |    3 | O       | 0.3755
 1892 |    3 |    3 | O       | 0.3780
 1893 |    3 |    3 | O       | 0.3778
 1894 |    3 |    3 | O       | 0.3906
 1895 |    3 |    3 | O       | 0.4107
 1896 |    3 |    3 | O       | 0.3759
 1897 |    3 |    1 | X       | 0.3823
 1898 |    3 |    3 | O       | 0.4036
 1899 |    3 |    3 | O       | 0.3659
 1900 |    3 |    3 | O       | 0.4477
 1901 |    3 |    3 | O       | 0.3758
 1902 |    3 |    3 | O       | 0.3888
 1903 |    3 |    3 | O       | 0.3647
 1904 |    3 |    3 | O       | 0.3996
 1905 |    3 |    3 | O       | 0.4443
 1906 |    3 |    3 | O       | 0.3689
 1907 |    3 |    3 | O       | 0.4132
 1908 |    3 |    3 | O       | 0.3785
 1909 |    3 |    1 | X       | 0.4157
 1910 |    3 |    3 | O       | 0.3731
 1911 |    3 |    1 | X       | 0.4399
 1912 |    3 |    3 | O       | 0.3709
 1913 |    3 |    3 | O       | 0.3782
 1914 |    3 |    3 | O       | 0.4162
 1915 |    3 |    3 | O       | 0.3719
 1916 |    3 |    3 | O       | 0.3814
 1917 |    3 |    3 | O       | 0.4146
 1918 |    3 |    3 | O       | 0.4469
 1919 |    3 |    3 | O       | 0.4025
 1920 |    3 |    3 | O       | 0.3905
 1921 |    3 |    1 | X       | 0.3850
 1922 |    3 |    3 | O       | 0.3690
 1923 |    3 |    3 | O       | 0.3969
 1924 |    3 |    3 | O       | 0.4102
 1925 |    3 |    3 | O       | 0.3738
 1926 |    3 |    3 | O       | 0.3990
 1927 |    3 |    3 | O       | 0.4163
 1928 |    3 |    1 | X       | 0.4031
 1929 |    3 |    3 | O       | 0.3794
 1930 |    3 |    1 | X       | 0.3664
 1931 |    3 |    3 | O       | 0.3722
 1932 |    3 |    3 | O       | 0.3886
 1933 |    3 |    3 | O       | 0.3761
 1934 |    3 |    3 | O       | 0.3800
 1935 |    3 |    3 | O       | 0.3899
 1936 |    3 |    1 | X       | 0.4116
 1937 |    3 |    3 | O       | 0.3743
 1938 |    3 |    3 | O       | 0.3984
 1939 |    3 |    3 | O       | 0.3936
 1940 |    3 |    3 | O       | 0.4089
 1941 |    3 |    1 | X       | 0.4120
 1942 |    3 |    3 | O       | 0.3817
 1943 |    3 |    3 | O       | 0.3684
 1944 |    3 |    3 | O       | 0.3935
 1945 |    3 |    3 | O       | 0.3731
 1946 |    3 |    1 | X       | 0.4362
 1947 |    3 |    1 | X       | 0.4012
 1948 |    3 |    3 | O       | 0.3777
 1949 |    3 |    3 | O       | 0.3853
 1950 |    3 |    3 | O       | 0.4054
 1951 |    3 |    3 | O       | 0.3827
 1952 |    3 |    3 | O       | 0.4061
 1953 |    3 |    3 | O       | 0.3838
 1954 |    3 |    3 | O       | 0.4121
 1955 |    3 |    3 | O       | 0.3752
 1956 |    3 |    3 | O       | 0.4543
 1957 |    3 |    3 | O       | 0.3796
 1958 |    3 |    3 | O       | 0.3821
 1959 |    3 |    3 | O       | 0.3895
 1960 |    3 |    3 | O       | 0.3734
 1961 |    3 |    1 | X       | 0.3820
 1962 |    3 |    3 | O       | 0.4290
 1963 |    3 |    1 | X       | 0.4270
 1964 |    3 |    1 | X       | 0.4102
 1965 |    3 |    3 | O       | 0.3694
 1966 |    3 |    1 | X       | 0.3824
 1967 |    3 |    3 | O       | 0.3694
 1968 |    3 |    3 | O       | 0.3663
 1969 |    3 |    3 | O       | 0.3858
 1970 |    3 |    1 | X       | 0.4109
 1971 |    3 |    3 | O       | 0.3709
 1972 |    3 |    3 | O       | 0.4194
 1973 |    3 |    3 | O       | 0.3897
 1974 |    3 |    3 | O       | 0.3935
 1975 |    3 |    1 | X       | 0.3762
 1976 |    3 |    1 | X       | 0.4239
 1977 |    3 |    3 | O       | 0.4077
 1978 |    3 |    1 | X       | 0.4265
 1979 |    3 |    3 | O       | 0.3977
 1980 |    3 |    3 | O       | 0.3758
 1981 |    3 |    3 | O       | 0.3949
 1982 |    3 |    3 | O       | 0.3905
 1983 |    3 |    3 | O       | 0.3869
 1984 |    3 |    3 | O       | 0.3740
 1985 |    3 |    3 | O       | 0.3988
 1986 |    3 |    3 | O       | 0.4063
 1987 |    3 |    3 | O       | 0.3934
 1988 |    3 |    3 | O       | 0.3880
 1989 |    3 |    3 | O       | 0.3815
 1990 |    3 |    3 | O       | 0.3700
 1991 |    3 |    3 | O       | 0.3913
 1992 |    3 |    1 | X       | 0.3845
 1993 |    3 |    3 | O       | 0.3716
 1994 |    3 |    1 | X       | 0.3813
 1995 |    3 |    3 | O       | 0.3746
 1996 |    3 |    3 | O       | 0.3937
 1997 |    3 |    3 | O       | 0.3966
 1998 |    3 |    3 | O       | 0.4600
 1999 |    3 |    1 | X       | 0.4143
